65 500 15
250 250 150
250 200 150
250 150 200
200 250 150
150 250 200
250 250 150
-50 -50 90
50 -50 150
-50 50 150
300 300 150
350 350 250
450 450 350
10 12 10
12 14 10
200 250 10
300 50 10
0 10 10
25 -40 5
0 10 10
30 -10 10
20 -20 20
30 -30 30
40 -40 40
-70 10 10
50 50 500
0 -25 25
90 1000 9
-50 200 49
-50 300 49
-50 400 49
70 15 69
70 45 69
70 82 69
0 1010 10
-50 -400 400
-50 -500 500
180 100 8
-200 0 99
-200 0 100
-300 0 199
-100 0 1
-50 50 40
-50 -50 55
-20 -15 10
-200 -200 500
223 35 7
50 50 50
-50 -50 30 
50 -50 50 
-50 50 50 
150 50 150 
50 150 150 
150 150 150 