45 100 5
-23 -30 10
100 100 20
-100 100 120
-2 -2 1
100 -100 120
0 500 10
-10 0 10
520 0 20
250 -100 99
100 -50 60
200 60 70
300 -20 20
400 40 43
500 -40 50
-250 -250 40
550 550 550
270 475 15
0 -10 20
-50 -50 50
0 50 1
50 -50 0
0 500 1
27 27 2
30 -400 35
30 -400 25
-50 -300 50
-50 -300 48
0 -200 10
2 -200 1
-500 -500 1000
-500 -500 500
0 0 10
190 700 20
100 90 100
100 100 100
70 100 100
30 100 10
-20 -20 20
-100 -100 50
-200 -200 100
-300 -300 150
-650 -100 100
-100 100 50
-200 200 100
-300 300 150
-400 400 250
-500 500 400
-600 600 500
100 -100 100
50 -100 100
-500 100 500
150 -100 100
200 -100 100
100 100 25
0 0 2
0 4 10 
0 8 10 
0 12 10 
0 16 10 
0 20 10 
0 24 10 
0 28 10 
0 32 10 
0 36 10 
0 40 10 
0 44 10 
0 48 10 
0 52 10 
0 56 20 
0 60 20 
0 64 20 
0 68 20 
0 72 20 
0 76 20 
0 80 20 
0 84 20 
0 88 20 
0 92 20 
0 96 20  
