0 0 0 0 1 1 5
-1.66667 0 2.88675 0
1.66667 0 2.88675 0
-3.33333 0 5.77350 0
0 0 5.7735 0
3.33333 0 5.7735 0
1.6599999508 -3 1.0000000475 -3 9.9999997474 -6 10
1.6599999508 -3 1.0000000475 -3
1.6649999889 -3 1.0086602997 -3
1.6616665525 -3 1.0086602997 -3
1.6599999508 -3 1.0057735490 -3
1.6633332707 -3 1.0057735490 -3
1.29 3 1.29 3 3.05 1 3
1.29 3 1.29 3
1.28 3 1.30 3
1.30 3 1.30 3
1.28 3 1.31 3
1.29 3 1.31 3
9.992000122 2 0 0 1 2 9
1.032533325 3 5.773502731 1
9.992000122 2 5.773502731 1
9.658666992 2 5.773502731 1
1.049199951 3 8.660253906 1
1.015866638 3 8.660253906 1
1 0 -5 -1 2 0 4
1 0 -5 -1
3.3333 -1 6.5470 -1
1 0 6.5470 -1
1.6667 0 6.5470 -1
0 0 1.2321 0
5.50000 2 -4 1 6.66667 1 5
5.16667 2 1.77350 1
5.27778 2 -1.50998 0
5.50000 2 -4 1
5.61111 2 1.77350 1
5.38889 2 1.77350 1
0 0 0 0 1 0 3
-1.667 -1 8.660 -1
3.333 -1 5.774 -1
-3.333 -1 5.774 -1
-1.667 -1 2.887 -1
5 -1 8.660 -1
0 0 0 0 1 0 8
1.66666687 -1 8.66025388 -1
1.66666701 -1 2.88675129 -1
0 0 5.77350259 -1
-5 -1 8.66025388 -1
0 0 0 0
4.3 2 -9 2 1 0 7
4.3016666 2 -8.9971130 2
4.2983334 2 -8.9913397 2
4.3 2 -8.9942267 2
4.305 2 -8.9913397 2
4.3033334 2 -8.9942267 2
6 0 -6 0 8.66 0 5
4.55667 0 -3.50007 0
7.44333 0 -3.50007 0
3.11333 0 -1.00015 0
6 0 -1.00015 0
8.88667 0 -1.00015 0
