1 1 -2 1 8 0 5
6 0 -1.30718 1
7.33333 0 -1.53812 1
1 1 -2 1
1.13333 1 -1.30718 1
8.66667 0 -1.30718 1
5.50000 2 -4 1 6.66667 1 5
5.38889 2 1.77350 1
5.72222 2 -1.50998 0
5.27778 2 -1.50998 0
5.38889 2 -2.0755 1
5.83333 2 1.7735 1
1.1 2 1.5 2 3.1 1 2
1.2 2 1.7 2
9.5 1 1.8 2
1.0 2 1.8 2
1.2 2 1.8 2
1.3 2 1.8 2
8.888800049 2 -4.443999939 2 1 2 9
9.055466919 2 -4.155324707 2
8.722133179 2 -3.577974548 2
8.888800049 2 -3.866649780 2
9.388800049 2 -3.577974548 2
9.222133179 2 -3.866649780 2
1 0 -5 -1 2 0 4
6.6667 -1 7.735 -2
1.3333 0 7.735 -2
3.3333 -1 6.547 -1
1 0 6.5470 -1
1.6667 0 6.5470 -1
1.6599999508 -3 1.0000000475 -3 9.9999997474 -6 10
1.6583332326 -3 1.0028867982 -3
1.6616666690 -3 1.0028867982 -3
1.6566666309 -3 1.0057735490 -3
1.6599999508 -3 1.0057735490 -3
1.6633332707 -3 1.0057735490 -3
1 1 -1.250000 1 1 -2 6
1 1 -1.250000 1
1.000500 1 -1.249134 1
1.000167 1 -1.249134 1
1 1 -1.249423 1
1.000333 1 -1.249423 1
-3 1 -1 1 1.8 1 8
-3.6 1 3.92304420 -1
-3.3 1 -4.80384779 0
-3.6 1 3.92304420 -1
-3.3 1 5.58845711 0
-2.4 1 3.92304420 -1
4.3 2 -9 2 6.1000001 -2 7
4.3002029 2 -8.9996478 2
4.3000000 2 -8.9996478 2
4.2997971 2 -8.9996478 2
4.3003049 2 -8.9994714 2
4.3001016 2 -8.9994714 2
6 0 -6 0 8.66 0 5
6 0 -6 0
3.11333 0 -1.00015 0
6 0 -1.00015 0
8.88667 0 -1.00015 0
1.67 0 1.49978 0
