5
3 3
1 5
1 1
5 5
5 1
41
35 14
3 38
8 41
23 4
22 40
82
47 37
45 34
36 68
20 26
68 67
1445
101 370
101 430
431 255
1126 654
687 1160
6702
4809 523
4257 5094
6414 1986
5624 4159
6673 39
9594
1683 3751
8567 7491
8723 8739
1137 5924
231 8237
279066
76150 149858
5431 157348
275668 30742
187266 148885
197615 236474
789635
120147 481547
327898 252985
477382 285895
595923 103869
154417 62088
337263
22311 96668
30460 131774
109613 15105
128666 259127
90148 138195
778168
132111 466313
765166 582561
182188 650557
96282 765697
482808 675730
