10
38 94 80 74 54 71 85 36 79 87
199652 3312 3119 126 1795
40
86 28 70 9 9 74 20 72 32 27 78 65 94 65 20 44 84 27 86 32 74 94 84 94 70 94 97 33 44 95 99 99 28 97 37 95 72 78 33 37
38164 6896 505680 3420 1852
90
73 32 37 59 43 31 22 72 81 81 74 37 78 22 49 51 43 73 43 41 55 1 9 51 78 61 28 22 59 22 81 8 8 65 68 49 8 31 50 51 93 74 78 68 43 65 22 72 9 37 28 94 11 61 50 55 40 28 73 61 31 40 94 59 50 32 72 41 1 9 32 74 50 68 11 65 43 93 11 1 40 94 41 49 50 43 22 93 55 50
162 7129 222750 3234 49140
160
16 45 66 7 22 46 54 94 94 89 19 48 36 66 62 36 89 62 26 19 75 76 68 46 57 59 33 45 54 75 66 38 33 36 22 85 72 94 5 95 16 59 81 83 63 72 83 19 2 85 80 45 68 95 19 57 38 95 81 63 7 62 68 5 76 10 63 80 76 2 27 48 54 68 57 68 83 72 95 75 10 89 19 7 66 63 8 7 7 85 59 38 7 83 34 34 7 27 89 48 2 5 45 70 57 16 8 72 83 22 7 26 68 80 100 46 68 10 5 8 48 83 70 33 76 70 26 94 100 81 19 33 26 27 38 83 83 70 34 54 2 80 59 100 22 34 16 8 19 81 75 19 100 46 27 36 62 68 85 10
451584 1677 148800 110760 364900
250
100 18 38 48 41 31 7 100 90 48 58 16 84 16 41 84 40 56 63 55 31 38 56 100 77 80 9 88 90 100 31 55 34 38 58 76 95 41 90 31 53 51 67 10 48 100 15 32 20 55 10 10 50 51 100 50 32 41 31 7 44 7 32 30 55 26 88 100 90 8 31 10 82 15 37 82 51 16 76 52 90 100 31 52 41 18 95 7 82 95 70 37 16 56 37 31 31 82 63 38 34 53 80 56 55 6 100 9 44 67 6 96 70 40 31 44 100 37 7 30 70 90 56 84 30 52 96 55 55 37 77 20 58 8 50 76 84 34 9 76 88 50 53 90 9 55 26 31 41 41 50 95 40 77 100 70 32 34 55 51 41 31 88 26 67 26 90 100 82 44 18 55 30 15 44 8 48 6 47 77 80 32 80 52 47 63 63 31 63 15 20 55 63 63 88 70 100 77 67 63 31 8 41 8 84 20 10 6 58 53 52 51 96 47 58 90 31 40 18 47 63 16 47 40 55 6 96 96 90 26 80 20 55 53 41 95 76 100 9 15 63 38 55 34 55 48 100 18 67 30
133 462000 8132 2529 180
5000
84 63 10 41 30 41 41 51 40 16 29 96 17 65 40 78 10 67 17 98 44 44 24 80 51 73 78 21 62 79 87 29 84 29 14 65 84 80 98 65 62 10 78 79 85 62 78 84 16 6 73 62 12 80 96 85 62 13 51 16 24 17 17 11 65 51 6 63 58 63 87 87 5 31 16 2 40 6 11 14 24 51 79 44 98 98 65 63 98 14 80 24 58 14 69 84 49 69 24 62 5 58 86 79 86 14 78 65 41 96 18 29 14 69 63 29 2 12 85 46 80 63 67 10 87 62 65 80 62 86 79 62 84 62 16 13 17 79 6 24 44 98 31 18 65 18 14 98 65 21 5 78 65 58 98 14 87 63 41 5 61 98 69 52 40 84 41 2 86 80 99 21 67 5 16 78 65 65 24 41 46 44 69 5 29 78 96 67 31 98 78 40 78 84 86 65 41 87 5 84 80 52 21 58 51 51 99 78 84 14 29 62 52 41 78 21 65 84 58 10 18 62 31 51 65 78 11 12 73 31 67 31 84 31 65 79 84 14 86 65 96 65 58 84 49 46 2 65 24 73 96 84 85 42 65 84 42 46 87 52 17 86 96 52 24 16 14 51 40 42 96 2 10 10 6 58 14 11 62 41 46 13 62 69 6 51 17 58 49 24 13 5 29 2 98 14 21 69 24 51 98 6 78 65 41 65 31 46 46 63 29 79 14 67 24 24 78 14 2 16 17 78 67 52 78 61 52 67 99 52 11 11 84 65 86 63 99 58 2 14 65 99 40 11 99 65 24 29 79 10 73 14 21 80 2 51 84 62 11 69 79 49 17 42 51 16 16 62 62 14 40 18 42 40 6 30 18 84 17 79 11 13 65 13 79 63 13 51 98 14 44 78 58 98 73 63 5 2 84 16 73 62 6 65 67 10 62 29 63 14 96 14 98 11 61 17 31 80 62 14 99 6 18 62 52 51 65 98 52 6 6 67 30 17 67 99 41 6 44 73 65 14 99 65 24 79 65 98 98 30 18 65 16 80 14 78 61 96 58 65 21 65 21 99 40 30 80 16 96 16 14 65 67 52 52 85 62 78 16 87 16 51 69 49 65 14 61 30 13 96 44 69 62 99 87 80 52 18 40 12 51 65 12 51 96 87 98 13 10 67 2 16 14 62 67 16 10 21 41 51 51 14 67 6 87 65 44 52 65 65 62 13 73 65 30 14 78 14 16 14 44 12 99 87 51 98 73 69 24 10 46 63 79 18 40 11 40 62 67 86 46 65 18 41 14 79 86 30 13 17 41 14 14 6 84 78 52 5 46 41 96 13 30 87 2 49 65 84 2 12 11 73 17 12 44 98 49 13 6 10 52 98 73 5 96 42 98 31 65 14 17 17 78 11 98 16 52 73 2 65 12 96 10 14 5 14 65 99 65 14 14 29 85 5 96 58 24 98 14 58 84 49 84 42 14 84 2 21 96 10 49 42 30 80 41 14 96 65 79 62 29 42 78 65 96 16 10 51 14 62 80 13 78 52 87 86 84 12 51 78 6 99 30 30 12 78 62 13 62 73 31 65 14 65 85 24 13 52 65 65 10 63 21 46 96 14 84 78 21 6 11 96 31 84 41 6 96 62 42 49 99 18 2 78 12 78 84 31 65 65 46 13 84 30 6 73 52 12 85 42 44 49 11 84 79 6 62 46 40 12 30 65 17 80 17 65 44 86 62 6 10 14 69 11 80 80 96 41 14 10 6 17 79 98 6 79 65 51 61 31 79 13 85 69 61 78 30 10 13 98 84 61 49 21 69 84 65 78 42 40 61 10 61 98 62 49 31 80 29 14 49 11 49 13 13 78 21 73 98 58 29 49 40 31 61 14 46 63 67 87 21 62 2 40 17 14 67 5 86 79 99 13 80 67 62 41 65 11 62 10 65 14 24 14 96 85 78 29 87 78 29 2 21 96 31 40 2 12 65 2 21 65 96 85 14 69 78 63 80 62 46 51 2 62 42 73 51 2 78 58 65 41 98 98 78 85 65 69 78 65 14 80 17 62 18 6 98 51 18 5 58 61 49 41 80 41 78 65 24 79 5 17 84 29 11 98 65 80 78 62 41 61 84 14 84 78 65 84 52 78 2 86 87 98 5 41 99 69 24 42 16 96 98 79 40 67 11 51 49 65 29 18 29 11 49 10 51 78 87 24 99 16 85 65 84 98 61 58 62 84 46 6 86 73 86 14 86 44 69 79 29 98 58 98 65 87 51 69 84 40 73 14 13 63 51 31 18 65 18 13 58 99 78 5 85 86 6 62 17 42 85 10 67 52 18 63 17 13 62 24 85 14 14 44 21 41 65 69 52 73 16 29 98 13 58 14 49 69 62 5 73 14 65 86 85 98 52 73 98 30 84 13 30 11 65 69 63 46 78 49 31 61 86 79 24 98 40 58 84 40 65 13 98 5 96 31 46 46 11 14 52 85 87 98 24 2 10 11 84 85 73 24 12 14 29 65 41 79 62 42 40 85 24 14 17 51 12 62 65 42 62 17 84 58 30 78 96 86 14 41 46 29 41 67 65 65 58 84 2 73 84 24 58 61 61 13 62 73 61 44 40 14 65 13 73 73 61 85 46 14 80 18 2 11 80 11 67 21 6 86 46 84 67 52 16 10 78 86 85 14 62 41 73 31 46 16 11 30 5 69 44 14 5 52 58 84 49 13 31 2 85 13 52 63 18 12 80 99 41 61 29 17 65 21 44 40 84 85 12 42 65 14 65 14 78 78 86 44 21 30 62 80 78 17 29 69 65 78 49 85 14 78 58 13 12 79 62 14 61 84 80 14 14 84 10 63 14 79 41 41 49 65 78 11 40 18 6 61 98 42 73 17 67 52 62 78 69 86 13 62 61 30 84 5 65 24 65 86 84 44 6 96 65 6 46 84 49 44 61 44 30 44 2 78 84 69 51 14 40 73 29 51 31 11 40 41 17 79 63 86 11 10 5 78 6 73 87 13 87 65 99 52 44 10 65 69 40 79 98 14 44 11 84 44 86 10 21 85 85 13 73 12 78 29 24 87 49 6 84 13 44 69 14 11 40 51 78 52 73 69 2 62 62 73 49 31 80 86 2 58 14 13 51 10 13 31 80 99 29 99 84 49 65 61 85 84 24 98 99 73 62 51 11 80 80 85 98 98 52 5 62 63 69 44 21 69 96 44 96 21 14 96 98 52 30 78 16 12 62 85 21 73 18 65 78 16 98 87 62 96 61 98 14 51 21 30 61 69 14 40 42 14 31 14 86 14 40 17 41 14 29 78 65 12 49 65 6 31 78 42 98 6 16 18 80 65 65 65 5 65 12 24 78 49 65 62 14 49 49 41 10 14 17 41 79 84 52 46 2 46 65 63 18 73 61 78 12 29 14 41 2 98 21 42 69 79 49 44 86 86 16 13 5 87 65 78 52 85 67 96 12 98 13 41 62 10 42 14 14 78 79 62 67 61 14 86 73 78 78 86 30 31 44 40 96 65 52 51 86 13 80 84 63 84 14 84 84 69 31 96 99 18 10 63 49 21 44 17 80 79 46 84 58 40 87 5 65 46 2 79 96 12 31 14 65 31 18 69 12 10 41 2 14 80 96 14 31 73 41 84 6 14 69 14 62 62 86 13 79 31 62 65 67 62 87 80 13 42 17 62 42 14 84 62 31 46 78 30 67 11 44 65 21 63 85 5 6 14 99 11 49 18 14 29 84 11 99 52 44 14 13 99 12 11 24 29 84 99 2 42 58 16 67 52 78 84 65 21 42 11 67 84 67 69 67 31 29 51 14 84 84 16 12 52 31 98 67 21 24 44 63 80 65 78 41 65 65 10 41 78 78 30 44 11 65 16 61 84 78 78 51 73 98 65 61 78 29 96 84 6 18 41 49 17 14 42 99 78 51 29 13 69 86 96 21 73 41 44 84 98 14 11 58 80 65 5 10 40 18 49 98 18 51 98 61 21 80 14 2 63 14 30 85 62 52 58 42 84 40 63 61 65 31 31 85 79 98 14 63 40 24 69 16 24 29 98 14 12 86 30 73 63 14 31 16 14 78 52 18 41 65 18 84 69 14 16 13 84 24 87 87 17 62 52 40 61 73 65 30 79 78 73 12 5 49 52 18 13 65 14 63 11 79 86 85 31 21 99 29 10 69 69 98 13 87 62 5 17 78 14 61 73 21 31 63 14 29 21 40 65 65 17 86 2 87 62 51 87 86 79 67 46 42 31 21 58 6 30 98 40 44 98 87 61 58 84 49 40 80 12 16 84 12 98 42 84 14 51 65 78 84 12 21 58 65 84 14 84 63 62 16 17 12 30 98 62 98 78 98 31 14 63 69 84 6 17 16 49 16 18 61 98 99 30 14 51 16 62 61 62 73 63 49 84 40 11 52 42 78 14 29 31 21 42 24 58 85 79 29 29 65 18 21 51 86 98 63 87 78 58 80 46 79 86 30 86 65 30 87 14 2 84 14 84 87 84 96 87 24 10 73 17 11 21 80 42 52 62 67 73 63 65 16 11 40 2 6 84 65 46 63 86 78 11 99 42 61 86 65 62 61 13 84 62 51 98 14 78 98 78 44 18 21 40 73 42 10 69 12 10 69 5 24 99 40 67 65 86 14 63 61 49 51 11 63 6 46 14 51 42 41 58 73 58 87 84 24 84 17 46 62 14 79 67 5 21 65 14 18 14 84 12 65 51 73 14 80 98 6 78 87 80 98 79 13 29 78 29 85 30 98 78 85 62 14 84 69 98 63 58 65 11 85 51 29 99 41 62 61 24 46 99 51 69 65 98 24 12 40 18 42 65 69 96 6 21 87 99 31 10 96 98 41 80 17 98 40 98 65 31 63 99 14 11 42 14 31 58 13 30 67 52 2 31 2 65 62 46 46 98 98 6 10 29 79 62 5 52 87 49 78 12 58 40 98 49 98 63 14 84 73 63 5 62 18 52 42 14 73 62 61 14 6 65 30 61 6 96 44 78 69 65 2 52 87 78 65 84 62 84 52 73 12 5 62 86 99 52 62 79 62 46 63 21 51 84 96 16 61 65 24 63 16 21 2 18 80 10 41 46 61 96 21 14 17 16 31 42 65 61 44 98 78 49 40 10 98 86 62 2 65 86 12 98 84 84 5 30 16 40 46 84 6 42 85 10 24 79 40 29 58 42 6 29 73 87 69 51 65 63 5 17 79 67 98 58 14 51 98 69 69 62 98 61 40 2 11 86 17 6 65 61 24 65 24 41 65 14 31 49 44 86 12 61 31 65 62 30 65 10 73 49 10 12 40 21 65 62 41 58 78 51 18 31 30 98 99 30 13 52 44 46 14 61 98 41 99 13 84 2 2 62 46 5 65 40 67 98 49 44 44 69 11 84 85 12 12 62 65 42 14 63 65 58 46 44 69 10 41 16 29 65 41 11 51 24 16 69 65 21 41 84 99 5 61 31 78 63 85 14 5 13 98 49 73 14 10 2 98 14 98 73 13 2 49 85 62 6 58 30 61 2 14 80 62 40 40 21 2 52 11 13 21 31 79 79 29 62 12 65 99 30 67 46 30 99 31 52 87 42 44 87 17 51 24 78 29 65 73 65 67 80 96 62 85 65 44 5 62 65 79 63 65 98 65 14 40 86 46 18 86 10 16 52 42 84 63 63 96 42 49 13 84 63 2 31 21 52 2 16 78 40 49 65 14 61 44 49 98 2 17 5 14 52 40 87 13 98 96 11 65 12 14 86 31 14 44 46 84 14 10 78 65 40 13 11 24 69 63 42 96 65 58 5 13 78 62 14 65 87 73 58 42 84 31 99 84 73 98 61 24 31 58 14 62 14 41 12 42 63 99 65 12 44 24 14 14 41 42 18 86 11 84 30 24 87 18 98 78 17 96 13 67 41 30 78 65 13 6 99 29 99 78 16 87 78 5 16 61 84 63 31 18 14 24 98 13 5 96 12 49 29 2 62 96 80 79 16 98 67 98 18 21 79 85 6 96 62 67 79 44 51 14 29 61 78 10 2 85 41 65 65 41 86 78 78 14 79 31 46 67 85 58 14 62 31 78 52 73 30 65 5 65 98 96 62 99 41 41 65 79 65 80 96 13 16 46 62 29 98 98 85 67 51 87 44 85 24 62 63 46 21 65 5 84 17 17 12 99 62 78 62 24 61 62 49 73 78 24 11 61 63 44 11 96 79 61 99 16 42 85 46 40 67 58 17 29 6 98 44 13 98 69 46 62 18 96 65 46 14 79 85 41 61 99 58 14 78 42 80 62 84 98 31 2 11 73 65 67 17 86 40 12 80 42 78 79 14 42 16 21 51 21 44 98 58 99 49 14 65 79 73 69 14 21 46 44 52 14 79 51 30 30 86 65 52 65 44 42 78 63 17 78 61 85 78 84 11 87 42 58 65 14 69 40 14 44 18 98 14 99 14 46 29 31 80 84 5 6 14 85 12 40 6 78 78 84 65 49 79 2 11 65 42 84 40 5 51 24 78 14 12 58 80 52 84 46 87 65 30 40 65 63 41 65 49 85 51 61 65 18 18 24 85 10 16 84 16 98 10 85 13 5 62 78 6 5 86 84 80 58 87 67 5 99 30 2 49 42 44 14 62 62 61 17 10 14 42 84 17 87 65 14 80 17 40 31 21 58 78 12 21 21 52 78 16 5 62 99 80 62 49 87 65 31 21 62 84 11 6 99 78 65 41 65 87 65 69 65 96 10 69 2 62 98 14 51 14 78 69 85 62 18 65 51 49 42 98 84 96 42 49 62 85 65 79 78 5 62 63 31 17 96 31 87 98 30 86 62 73 46 14 16 65 62 44 42 65 98 29 85 46 17 12 24 79 84 73 14 10 46 96 46 31 30 58 14 12 44 62 29 2 65 87 84 40 99 24 52 42 58 31 98 51 14 78 84 86 62 84 80 79 84 63 65 98 16 2 12 14 17 44 85 42 65 16 2 24 87 10 12 65 24 80 6 80 31 49 41 80 98 30 84 31 31 5 98 78 5 11 62 41 62 69 49 78 13 87 62 69 12 65 13 87 30 61 80 18 98 17 5 51 16 49 85 51 98 84 63 31 87 14 6 80 96 29 67 78 65 12 29 80 98 11 12 85 62 61 10 65 84 49 67 78 65 78 11 12 67 5 85 62 46 69 65 80 31 5 99 46 29 85 79 51 6 67 31 29 58 79 62 62 98 5 63 78 44 14 14 14 62 2 6 14 40 12 79 14 2 42 14 13 24 2 65 80 58 52 18 31 2 11 12 85 85 78 41 61 49 42 52 58 79 6 29 2 30 84 84 16 24 5 65 62 80 10 10 61 41 6 29 99 84 62 12 51 6 96 44 42 31 62 2 65 12 5 65 62 52 79 61 78 73 65 31 69 67 52 40 14 18 24 49 10 79 87 98 11 24 10 73 46 12 78 96 85 67 17 42 86 18 14 21 78 21 84 6 96 24 42 42 84 65 84 30 85 51 13 78 6 67 65 78 87 51 86 84 85 30 14 78 67 18 13 14 67 58 78 17 52 96 98 12 84 96 24 14 65 2 14 44 62 21 99 14 5 98 14 98 14 30 62 69 16 42 78 46 2 17 30 13 13 98 18 65 16 16 30 63 99 49 98 44 42 58 14 52 69 99 24 62 98 96 80 21 17 84 46 49 67 80 18 69 46 40 18 12 98 78 62 2 10 42 58 16 61 65 10 2 18 46 13 84 78 67 14 99 30 67 84 11 73 16 58 18 84 73 29 51 86 84 78 12 86 96 30 40 98 16 84 29 58 18 14 31 65 12 98 98 16 14 99 30 49 46 65 84 12 86 79 85 29 12 78 62 84 11 18 67 69 65 52 85 42 85 84 10 21 29 67 87 14 96 63 62 17 67 84 41 10 58 62 5 44 40 52 99 44 85 5 78 65 67 6 87 78 17 80 98 21 46 65 85 78 11 79 65 63 98 62 24 61 85 30 14 84 98 51 18 73 13 41 58 14 52 13 99 14 84 12 5 18 24 79 29 30 6 62 31 11 5 5 69 14 87 2 58 98 18 86 58 80 44 62 40 44 17 46 62 65 29 79 63 61 58 87 84 73 73 79 24 52 12 58 14 84 78 63 52 87 29 30 29 62 14 96 80 62 30 30 16 11 42 14 84 65 98 86 30 99 65 17 17 41 6 52 44 65 69 79 67 6 69 21 85 17 99 78 16 10 18 63 49 29 62 11 87 29 21 46 29 18 21 98 40 16 78 61 58 78 65 10 51 24 14 69 41 52 78 96 46 51 12 5 6 65 41 78 84 99 16 98 30 73 84 16 87 62 73 84 69 84 24 87 17 5 2 24 85 14 12 62 44 11 52 98 85 62 2 42 18 98 67 86 63 40 65 14 5 58 51 80 84 40 65 52 24 44 13 40 44 78 18 63 98 10 30 10 65 10 73 61 14 49 40 14 84 67 5 6 84 49 62 80 73 12 80 78 86 86 11 30 84 80 87 44 46 98 2 58 98 2 21 5 86 51 84 5 24 58 13 78 24 14 14 30 14 12 13 67 65 63 78 80 96 16 61 17 16 29 29 10 21 12 46 51 11 62 65 58 99 17 31 52 79 80 6 85 78 11 85 62 61 58 6 86 96 12 46 63 52 98 17 29 24 14 2 51 78 73 10 79 40 11 17 10 73 5 46 98 29 14 21 78 84 67 6 63 2 78 6 62 73 85 98 2 14 65 62 30 99 65 69 52 6 78 98 61 14 58 12 14 52 46 14 49 51 10 16 80 40 98 98 31 49 78 11 21 44 99 49 41 2 10 14 16 42 65 2 14 52 67 18 30 79 58 14 78 18 11 21 14 65 40 61 10 98 86 98 61 5 14 58 61 85 99 21 13 14 29 62 29 84 14 12 41 14 24 30 11 67 24 58 5 40 86 80 63 41 80 18 17 2 63 87 87 44 12 98 16 80 18 84 61 18 17 41 78 98 42 69 62 58 58 30 78 5 69 65 65 52 67 87 24 40 78 86 87 10 63 30 49 65 99 87 5 99 87 46 99 99 98 61 40 17 6 62 58 52 14 65 14 67 96 96 10 73 65 62 5 44 42 65 58 96 98 44 69 86 10 67 63 6 80 31 84 58 85 5 11 65 63 14 80 46 73 6 6 49 98 99 6 62 73 30 87 65 65 16 14 46 52 87 46 2 78 65 12 98 85 12 67 14 44 87 65 49 2 40 17 2 13 46 6 96 99 86 44 10 98 73 86 21 6 40 24 49 21 79 41 13 14 17 80 2 98 14 29 98 46 21 13 87 65 63 16 5 17 44 62 10 86 6 10 78 16 85 73 17 10 78 65 65 6 67 18 49 30 80 65 65 24 67 52 79 6 79 5 30 84 62 40 18 79 10 67 41 21 14 16 13 58 84 13 31 78 99 30 24 31 78 87 63 46 85 11 73 69 65 67 42 29 16 80 40 61 31 67 79 14 18 41 29 87 30 63 18 86 80 40 31 46 13 63 29 98 98 63 49 96 46 10 11 99 73 78 65 30 84 61 44 42 65 61 14 5 62 11 30 24 61 99 78 96 98 67 99 14 42 42 79 98 62 44 11 65 62 5 17 42 99 29 67 63 21 14 78 78 10 21 86 30 73 78 78 18 65 24 14 87 51 98 17 16 41 18 79 98 42 62 10 14 2 18 6 13 78 51 87 79 21 14 86 65 78 40 51 65 96 63 29 96 67 80 41 78 41 14 62 79 49 69 84 87 5 78 63 73 30 46 84 16 78 62 41 96 49 86 51 10 86 42 52 46 63 18 31 12 18 14 5 21 65 14 10 12 51 31 84 21 65 14 69 31 6 62 62 78 29 73 86 46 41 49 65 16 65 16 78 14 14 49 58 67 69 30 14 69 5 73 44 98 65 63 30 14 30 51 21 14 84 85 78 96 11 16 65 44 2 29 65 11 10 12 65 62 78 44 14 86 12 96 84 30 29 52 98 41 98 52 40 98 14 46 86 65 17 99 87 10 78 6 5 65 49 87 41 51 79 61 41 18 65 58 79 51 6 62 10 46 40 49 44 52 14 13 49 29 62 79 49 13 24 84 73 78 99 98 46 67 44 62 79 51 16 44 99 69 79 84 80 51 14 99 2 13 31 14 41 98 41 18 84 42 84 98 18 21 5 84 62 21 29 52 84 24 21 18 2 29 99 40 85 46 24 73 65 61 98 41 69 65 14 63 69 18 63 69 63 65 18 24 12 6 16 51 31 78 5 42 96 51 78 62 80 18 14 62 30 42 18 12 24 51 85 98 17 99 11 62 98 86 49 14 58 80 65 51 16 65 44 62 61 61 85 61 80 18 14 98 79 24 61 21 14 73 21 52 10 14 85 96 18 11 31 2 14 62 86 58 18 13 67 13 6 78 63 65 62 14 65 65 62 52 78 78 61 14 62 98 10 46 42 96 85 84 21 30 96 42 85 65 12 65 17 87 84 52 73 13 29 65 21 86 99 67 69 12 99 65 86 62 67 52 87 58 52 62 62 2 14 17 14 49 30 49 99 98 6 42 65 65 58 10 85 14 62 69 98 29 86 2 12 80 13 14 78 67 42 6 98 18 6 11 5 17 87 24 98 65 42 73 14 79 87 40 84 40 6 62 67 13 41 5 13 78 87 73 10 67 44 67 42 14 65 11 10 12 29 5 65 87 79 14 2 46 98 98 17 85 65 49 16 11 40 86 17 46 11 58 31 17 85 31 17 29 49 49 98 65 46 78 41 98 98 86 24 49 30 31 99 84 5 11 62 99 98 5 85 96 84 69 14 2 98 84 44 61 46 62 30 14 14 11 14 80 14 12 84 62 65 17 16 14 65 85 69 86 80 11 46 87 14 99 98 98 11 31 21 65 96 11 63 61 44 18 14 21 24 40 17 63 63 58 52 52 14 51 41 14 29 18 67 84 98 16 79 61 21 5 65 30 44 21 99 85 41 42 16 49 78 84 61 5 79 69 42 65 11 14 67 17 58 21 51 84 80 84 17 29 80 31 2 67 84 96 17 24 65 69 96 84 86 86 12 16 73 61 14 42 87 73 44 67 11 98 65 14 13 63 99 69 14 96 96 16 79 30 69 14 51 46 41 14 41 84 49 69 14 13 52 18 96 87 14 14 87 14 44 14 24 18 2 42 41 84 69 62 98 61 2 65 96 40 84 78 65 14 84 65 69 40 6 17 21 44 99 86 85 58 14 6 67 61 44 13 46 69 24 31
127558 229736 412380 15717 5124
5000
39 32 99 92 36 33 32 89 54 52 24 99 16 12 8 20 22 96 41 99 33 27 24 36 91 91 37 5 96 92 19 24 92 37 24 92 53 22 52 89 92 87 95 12 27 20 54 15 52 87 74 51 87 20 95 41 92 41 38 5 24 5 53 99 75 39 52 77 67 92 41 20 37 24 67 41 8 26 22 22 92 33 8 37 36 91 22 41 38 92 91 50 49 42 52 92 92 96 92 92 96 41 93 92 36 15 97 50 75 42 8 89 77 97 72 54 26 89 22 39 54 92 92 33 24 5 74 38 37 27 58 32 58 33 36 39 33 50 99 41 42 95 93 72 53 50 8 96 36 9 26 92 99 96 95 7 67 77 19 36 12 99 77 54 72 67 27 51 38 92 99 20 77 15 12 91 72 37 15 16 58 20 5 9 92 15 27 22 27 16 22 96 92 89 12 22 8 87 95 53 93 74 33 33 92 54 51 9 92 19 53 99 92 38 37 50 51 12 74 33 22 93 77 67 72 99 89 12 53 51 5 92 37 58 53 87 33 7 36 24 12 49 7 41 52 26 33 75 22 32 91 8 38 74 93 51 50 52 95 24 39 72 12 22 72 96 92 37 51 52 89 92 8 42 22 50 41 41 37 91 67 50 26 91 41 72 54 92 54 53 53 16 5 41 52 22 89 53 7 22 26 9 38 20 91 41 19 52 22 95 22 77 37 41 38 92 87 9 16 19 58 96 87 41 41 15 9 54 12 50 92 7 92 37 19 96 51 49 24 54 97 41 26 27 8 5 95 75 92 87 41 15 92 89 41 12 50 99 16 58 95 95 26 53 26 99 27 97 38 89 41 20 20 92 91 12 72 36 41 92 26 9 87 97 91 19 41 49 42 39 52 49 42 51 53 41 49 92 38 93 41 41 38 16 41 9 19 52 5 54 24 75 93 74 72 53 26 19 22 89 41 41 32 9 8 36 75 24 49 99 16 87 97 92 22 8 22 39 91 32 99 67 93 92 15 50 32 9 41 8 16 75 37 42 15 41 50 5 92 27 20 99 92 91 19 92 99 27 74 99 32 19 77 39 39 95 39 16 37 92 38 33 5 9 50 91 97 5 5 33 7 16 26 20 52 37 16 97 42 41 92 41 22 92 22 7 37 53 41 74 95 36 91 41 72 96 38 36 8 89 26 20 54 27 54 91 67 52 7 26 58 92 58 49 53 58 53 72 41 95 15 37 8 77 26 5 22 15 37 5 26 87 37 52 53 22 54 51 39 52 36 92 38 54 37 67 97 54 67 89 41 16 22 32 41 91 72 37 27 67 26 41 12 19 97 53 92 87 26 52 89 53 16 58 92 51 39 7 41 41 91 87 54 92 91 75 7 74 16 74 32 92 12 99 72 72 54 22 19 39 38 12 19 58 49 91 97 9 75 41 50 91 92 95 36 41 49 41 22 38 52 12 91 37 89 8 52 75 58 5 41 58 51 87 58 33 41 33 96 41 53 8 92 92 38 77 67 49 67 72 16 20 22 37 8 74 53 89 96 50 7 37 41 87 58 36 49 19 9 52 53 99 96 5 77 32 93 12 87 87 67 32 32 32 36 92 50 51 19 72 67 51 42 99 37 22 52 38 67 7 7 8 77 77 54 54 37 24 38 92 41 32 50 51 49 50 89 49 41 91 53 97 99 38 95 16 16 75 42 15 54 97 95 91 38 33 32 52 52 37 26 52 75 41 97 16 97 33 96 19 5 92 75 22 92 32 39 39 9 91 26 52 12 33 20 15 97 97 5 36 89 52 89 26 22 38 41 41 67 37 42 52 96 41 32 32 26 20 41 27 24 37 26 87 51 93 41 74 95 42 52 20 38 38 8 22 75 54 89 16 24 41 37 39 27 22 12 22 37 50 53 8 95 77 41 92 77 75 52 89 26 87 74 32 50 52 16 37 16 27 33 97 92 52 67 93 93 95 37 41 20 37 41 16 54 27 7 92 22 19 20 91 92 89 37 42 15 91 75 39 53 32 5 41 15 58 67 52 39 93 22 22 39 99 32 95 26 24 5 99 41 99 51 58 99 67 87 16 74 41 41 22 96 36 39 74 19 53 26 27 22 87 92 51 87 19 41 74 75 24 53 33 32 32 41 22 41 89 92 92 39 33 38 92 41 33 92 67 96 77 16 22 39 77 97 22 7 32 67 26 41 92 38 9 36 52 41 37 75 95 92 8 54 37 72 9 96 41 99 42 33 96 89 16 20 54 16 15 91 89 53 75 22 99 87 93 50 92 38 15 24 33 95 49 54 41 27 74 54 75 75 72 27 22 22 26 92 72 96 7 58 77 96 72 8 39 99 91 37 39 41 27 38 41 52 38 74 92 92 26 22 19 12 92 91 38 15 75 93 91 91 26 89 24 72 93 37 9 26 53 75 58 49 97 8 91 58 41 24 72 41 99 20 37 91 93 7 22 74 49 53 20 42 72 41 32 7 39 52 87 27 22 93 36 50 33 50 54 53 95 38 20 52 74 27 24 97 52 22 33 92 72 26 26 96 15 22 5 12 42 95 97 92 49 41 24 15 32 92 87 37 97 74 5 22 20 24 49 49 87 41 37 49 53 50 33 92 12 36 92 8 50 95 93 37 93 38 19 95 87 37 96 51 33 77 32 91 67 41 27 20 58 20 41 22 7 51 53 52 33 53 49 26 22 96 41 97 75 22 37 9 52 16 39 41 32 93 37 50 75 7 20 12 54 33 93 92 32 92 91 99 15 77 22 41 67 42 37 92 51 58 93 53 22 27 36 7 22 87 41 37 74 42 22 52 92 89 75 24 7 72 41 72 20 92 19 95 36 9 87 75 92 20 26 58 72 24 19 42 58 72 52 67 9 16 52 92 72 19 92 7 58 92 89 36 92 93 91 5 22 12 52 52 9 12 67 52 19 92 20 67 93 92 52 89 22 26 41 51 8 24 95 7 33 15 20 36 37 49 89 72 37 22 77 99 5 96 54 8 41 99 92 5 95 42 5 77 15 5 96 41 41 8 15 41 92 92 9 7 87 49 91 7 37 41 33 24 20 15 27 67 97 53 92 15 52 91 19 36 74 92 20 32 67 8 41 54 5 50 24 37 92 92 39 7 67 32 16 20 51 53 53 33 50 37 41 27 97 39 39 8 42 53 26 16 42 52 37 33 5 41 99 51 77 72 75 27 51 7 26 7 20 77 67 15 97 42 41 41 26 50 22 26 41 93 32 8 22 5 95 20 91 54 67 52 41 75 75 96 39 16 51 38 72 77 91 38 53 22 24 15 37 15 74 41 41 39 20 51 37 95 92 87 37 7 93 39 27 26 5 58 49 7 9 92 39 38 50 9 41 38 26 42 22 92 58 16 54 92 36 26 87 95 7 42 77 50 52 26 20 49 42 41 16 16 93 32 24 67 74 16 38 52 42 8 32 95 37 22 26 58 42 95 75 87 12 87 96 97 91 38 32 16 77 37 32 58 75 9 9 50 22 36 89 50 33 50 52 37 52 16 19 16 54 95 12 87 32 20 89 67 33 41 54 32 52 24 22 87 37 27 52 67 41 49 77 58 95 36 72 53 39 19 95 52 32 95 42 93 87 41 96 22 72 22 49 22 41 7 32 7 99 27 54 37 41 89 22 38 12 12 67 41 9 8 41 87 89 54 22 49 96 52 97 24 95 49 51 67 24 37 24 52 96 52 72 74 75 41 8 51 39 67 97 41 54 77 72 42 38 50 20 36 9 22 93 74 96 67 89 51 20 36 75 22 92 51 38 36 15 89 96 8 92 93 49 72 22 27 67 75 8 42 75 72 41 36 7 7 77 39 19 38 92 5 33 42 22 39 15 15 32 20 27 72 7 92 75 96 37 5 41 8 9 51 41 16 37 9 67 41 41 12 37 58 53 92 22 37 92 91 20 92 27 91 77 92 89 24 53 58 41 37 9 9 38 53 92 41 22 97 95 9 22 72 26 97 58 51 89 95 39 95 12 51 16 24 51 42 96 75 53 41 92 36 91 19 96 52 41 91 37 75 9 5 27 27 89 58 33 58 89 41 92 95 27 95 99 22 22 24 24 37 54 41 87 74 96 67 27 41 99 22 37 37 91 39 93 19 39 38 7 36 89 12 19 52 16 92 33 37 49 41 41 99 32 7 96 39 39 52 41 89 95 41 89 15 58 24 41 91 33 9 16 77 93 97 92 91 67 95 38 54 19 8 52 39 99 49 8 92 22 92 54 22 5 50 39 52 95 41 58 15 26 52 32 20 75 41 96 26 92 9 52 72 89 50 26 22 58 19 12 74 22 41 92 97 5 52 26 67 77 77 52 95 52 8 37 12 36 9 39 20 54 67 15 97 22 33 95 9 72 41 51 26 41 12 58 53 51 91 41 24 52 54 26 24 15 87 58 50 99 42 52 24 37 96 22 33 37 37 53 92 36 32 37 24 32 41 99 58 27 33 93 16 41 41 22 20 95 39 49 26 42 87 37 38 42 16 92 50 7 38 7 50 75 5 87 53 95 91 74 74 87 37 92 77 12 9 74 74 87 38 41 22 53 75 74 75 97 9 41 54 22 5 33 16 96 54 58 9 42 51 51 92 99 16 37 92 39 75 5 16 96 8 27 38 54 91 38 27 58 51 54 51 19 24 20 32 41 54 22 32 75 7 51 41 37 53 77 37 16 97 95 16 15 9 41 74 58 38 37 67 52 20 32 27 99 8 8 75 67 12 67 24 37 87 36 96 27 58 42 75 52 87 58 96 19 33 89 15 53 41 41 33 91 75 36 96 92 41 72 92 41 97 51 20 89 92 26 52 22 74 19 50 5 54 75 96 26 12 91 5 91 41 36 5 37 15 87 24 36 27 74 41 22 95 53 67 97 15 36 52 9 8 32 53 37 22 67 41 41 36 51 58 91 89 22 92 74 97 92 8 89 37 67 50 8 58 58 52 7 41 12 89 92 19 22 22 52 54 99 52 27 37 37 51 16 9 97 72 93 77 42 22 8 92 26 37 15 38 39 51 37 91 38 75 42 37 50 9 36 53 41 52 92 16 42 38 16 99 72 24 53 41 27 12 33 95 99 92 93 74 54 74 41 93 8 89 7 93 91 95 72 92 41 9 97 33 7 22 41 20 54 52 92 91 77 5 5 96 67 67 41 99 95 19 24 77 5 37 19 93 92 67 93 50 38 33 22 39 15 38 41 37 39 74 41 93 96 41 92 75 42 53 91 92 92 92 22 16 33 50 15 36 52 24 27 32 89 87 51 27 22 41 52 92 72 99 22 41 87 99 33 41 77 52 50 22 41 42 74 74 42 54 92 52 41 67 75 75 75 19 7 39 38 95 92 52 93 74 77 92 41 8 12 52 22 37 16 26 93 53 19 67 38 49 20 89 26 26 41 96 22 52 15 99 51 58 52 26 58 92 32 67 97 7 41 51 89 20 20 54 92 8 9 50 26 96 77 58 75 89 41 77 19 97 22 92 41 32 49 42 41 24 37 32 89 92 97 24 9 41 42 26 41 41 51 7 41 24 93 74 91 95 99 67 87 49 27 87 24 77 24 72 74 96 19 22 51 52 15 51 37 15 41 32 22 51 37 41 16 92 41 52 8 96 27 92 38 9 32 52 9 74 33 74 41 5 12 22 72 74 26 20 93 74 19 97 12 41 74 54 37 37 38 15 41 36 41 5 74 16 74 7 99 15 22 42 39 96 54 42 12 52 41 41 74 12 93 75 49 99 87 41 33 50 49 22 99 41 39 32 92 52 20 75 32 96 89 58 52 92 91 52 50 39 27 52 53 74 39 67 49 54 41 99 49 74 41 50 8 92 54 49 54 97 20 72 37 99 58 52 36 96 74 92 32 92 27 93 99 75 32 77 72 53 7 67 54 5 89 75 20 92 89 41 37 8 99 53 87 51 93 96 49 93 27 58 7 77 24 92 9 92 49 36 75 32 95 22 38 50 92 27 33 77 52 22 92 41 53 24 12 42 20 97 93 95 99 37 22 52 50 15 41 58 41 37 36 93 95 9 99 36 89 15 95 52 22 53 12 74 41 96 49 12 12 54 50 36 39 39 96 49 58 19 41 92 26 58 27 15 27 15 42 33 22 67 50 50 93 38 12 74 51 93 5 41 92 96 72 33 12 41 96 97 22 36 36 41 15 99 7 77 54 12 97 99 5 77 15 38 92 50 33 50 67 38 52 22 99 74 33 95 15 97 19 92 92 33 27 37 9 92 49 26 41 93 67 96 5 77 27 92 96 15 58 53 92 54 93 42 77 49 9 92 75 92 50 9 72 24 41 72 36 15 53 24 58 26 77 16 27 72 8 93 19 92 93 41 20 26 67 50 16 39 27 75 27 58 19 24 97 15 37 91 33 67 50 53 37 27 74 39 8 49 75 92 87 41 22 97 16 9 92 24 89 37 20 24 37 42 87 87 24 97 19 51 39 24 7 99 74 5 77 22 72 12 26 41 12 32 37 36 54 77 7 67 96 89 52 42 41 87 32 36 32 87 75 96 41 24 96 91 37 19 87 5 22 5 16 7 92 19 96 51 38 37 77 7 15 58 91 92 67 75 58 72 53 50 42 92 41 41 12 99 22 58 15 39 22 41 52 27 99 7 75 50 49 15 39 75 20 41 77 50 54 22 27 24 92 8 39 22 5 7 19 52 74 16 41 41 87 41 91 39 92 77 95 49 75 74 41 87 97 89 22 19 41 33 91 27 41 52 7 26 41 92 51 97 32 49 50 87 33 24 89 51 22 15 27 12 27 36 19 93 20 97 5 41 20 27 54 36 77 39 87 97 42 42 49 95 41 39 12 41 92 5 49 53 37 33 74 52 32 52 53 27 52 7 53 20 92 93 33 22 54 89 72 22 99 36 52 33 93 5 89 67 92 54 20 5 67 8 19 24 92 41 89 27 7 93 36 54 96 92 38 33 58 42 91 41 37 41 32 16 75 92 87 42 36 38 52 92 99 19 9 42 8 54 52 53 9 38 12 15 52 5 91 37 41 58 19 9 93 93 16 15 37 58 49 92 99 92 95 51 41 7 41 15 7 9 41 52 51 52 75 27 51 38 92 92 8 87 12 67 54 99 36 24 92 89 37 93 93 52 15 37 67 92 49 99 12 54 52 67 41 96 52 9 67 92 9 89 41 58 22 49 87 33 37 41 12 5 67 87 51 92 87 72 41 92 8 41 33 67 96 5 92 37 77 67 67 72 74 95 91 20 89 58 52 75 9 77 33 92 96 75 24 54 97 92 99 52 77 12 41 52 51 92 41 36 41 52 41 38 19 77 41 53 37 50 41 41 22 51 52 53 99 36 99 49 7 39 58 32 72 91 53 24 33 92 9 24 92 36 53 75 52 92 32 92 37 92 95 38 22 53 91 49 12 93 41 53 7 19 8 51 7 27 41 38 92 41 12 16 8 22 26 24 15 16 15 26 93 97 87 97 22 97 96 77 9 32 24 39 99 92 8 97 7 26 39 91 99 91 37 97 19 37 32 75 12 95 52 41 36 92 15 93 72 53 15 41 8 97 37 33 77 41 50 8 27 72 54 97 41 96 12 96 91 53 39 41 36 16 37 52 51 15 52 52 53 36 74 58 58 42 41 12 20 41 77 52 41 42 92 42 39 92 33 42 15 19 49 26 74 87 27 92 27 39 37 9 16 97 37 33 58 75 20 33 53 52 36 22 37 8 20 50 7 95 12 37 16 12 22 95 54 99 9 42 97 36 38 32 54 51 41 27 92 42 16 92 22 41 8 22 15 24 9 53 54 72 93 97 36 26 19 53 5 77 9 32 42 5 7 96 26 58 41 24 72 37 96 67 87 92 95 37 50 53 95 9 91 5 87 39 96 26 20 38 7 41 32 92 52 16 74 12 49 75 54 93 16 19 19 74 92 92 42 41 52 39 91 36 87 37 39 58 37 22 75 93 77 15 74 22 53 20 16 33 41 52 32 37 16 92 97 26 12 12 91 54 32 9 42 41 77 99 20 95 54 72 39 22 50 38 50 37 32 91 5 8 87 42 19 41 92 27 7 52 27 33 32 49 26 27 95 37 92 19 41 74 22 72 75 89 26 41 58 75 92 41 41 50 91 8 36 53 75 54 42 95 89 52 58 89 36 87 37 77 74 87 42 22 49 22 5 58 7 19 87 20 92 22 91 41 92 41 74 42 24 95 32 54 75 22 87 26 52 9 72 41 41 36 22 20 50 24 97 37 36 33 8 92 12 41 52 8 16 75 41 8 19 41 99 41 51 27 26 93 58 87 12 39 93 39 99 92 74 41 41 42 95 77 96 41 41 22 41 24 36 41 52 39 52 20 92 32 37 54 39 33 27 92 19 52 96 37 95 77 9 8 41 16 96 27 75 93 9 24 38 16 19 41 32 7 22 67 16 7 97 36 8 52 22 39 58 87 53 75 41 38 37 41 42 15 8 95 99 74 12 89 20 37 37 41 33 96 20 36 15 87 99 36 37 27 26 99 19 41 37 52 41 22 92 50 39 53 49 22 92 36 7 92 9 9 92 22 89 33 32 5 22 27 91 41 51 41 52 50 42 95 51 38 22 53 37 16 92 72 39 41 91 37 75 96 12 75 16 74 32 24 72 5 41 92 42 53 77 93 41 52 20 37 15 22 19 41 41 27 97 77 52 41 72 75 99 77 37 49 51 77 50 67 12 67 89 91 20 77 7 87 99 89 93 74 51 8 36 92 52 93 53 41 91 5 97 53 52 87 41 41 52 16 87 38 22 50 26 92 41 37 42 52 41 37 92 67 93 74 92 72 5 37 39 41 99 42 41 20 50 74 50 26 41 74 96 51 16 41 97 36 41 20 77 51 22 54 92 33 36 41 26 20 95 49 93 38 41 92 67 41 41 19 74 58 15 24 92 22 27 8 50 26 9 24 95 72 93 15 51 39 41 37 37 95 26 19 52 52 36 39 12 19 22 5 92 41 33 42 87 38 92 72 15 92 77 92 41 95 50 41 52 50 41 49 19 7 99 74 41 92 72 16 19 5 91 22 22 51 42 41 52 39 12 53 9 19 7 5 37 97 41 27 22 27 12 49 22 7 41 52 20 8 75 74 33 22 24 19 20 9 51 72 16 49 95 91 50 49 92 7 93 16 58 75 37 41 77 77 9 41 19 39 77 7 52 38 12 42 16 97 33 93 33 92 8 37 58 99 93 52 49 49 49 97 24 87 41 37 41 27 33 22 7 72 8 41 20 36 5 72 20 36 41 87 75 41 16 41 92 22 50 5 12 92 38 41 15 49 8 93 12 41 87 92 32 92 39 42 16 91 37 52 67 5 41 22 41 92 41 49 72 16 41 15 32 58 32 51 72 51 5 41 22 9 52 12 92 92 42 8 91 22 41 96 41 36 41 49 99 19 67 22 95 50 52 7 89 49 95 49 92 26 97 22 87 37 15 41 95 91 24 41 99 37 95 22 52 52 33 32 77 97 19 41 19 93 41 41 32 8 15 93 15 92 51 41 22 37 37 41 95 92 33 52 95 52 74 32 53 52 32 12 22 58 92 52 52 99 92 5 41 92 52 41 52 54 27 91 96 50 53 77 15 38 74 52 75 97 41 77 8 74 52 96 49 38 58 77 15 41 92 51 97 12 12 26 49 8 87 54 92 52 41 75 50 89 41 5 77 41 41 27 74 96 12 24 50 74 24 72 99 37 8 42 89 8 37 92 20 75 37 8 58 92 89 26 92 42 37 41 96 58 22 93 95 93 97 5 42 99 49 19 96 92 5 58 41 5 92 22 77 9 41 22 38 19 8 77 92 9 41 15 19 51 41 8 77 51 92 41 7 37 22 41 24 49 7 9 74 72 92 75 72 37 87 58 72 92 96 72 74 99 36 41 54 9 51 5 67 41 9 27 22 93 33 24 72 20 53 22 52 75 52 89 89 92 20 77 39 19 19 39 54 74 89 58 41 12 37 36 95 75 67 96 67 49 32 7 12 92 24 97 52 89 87 51 89 99 19 41 12 19 52 20 37 42 53 91 52 72 39 36 37 19 8 41 97 77 41 8 9 99 37 33 51 27 33 9 92 89 32 41 52 5 41 52 72 9 87 41 41 97 92 92 22 12 26 38 38 58 74 50 97 32 22 9 42 72 38 41 93 74 37 39 91 74 49 52 37 39 42 49 93 32 87 97 92 52 58 92 12 54 36 37 15 91 49 95 92 8 72 16 50 37 37 26 16 38 41 54 41 41 39 41 42 77 77 16 27 67 93 97 99 51 89 96 20 37 7 22 51 49 92 22 41 99 16 92 77 7 9 12 19 8 87 97 49 87 50 52 49 16 38 92 5 26 41 91 77 97 33 89 67 24 42 24 52 9 77 32 95 5 91 37 33 24 41 5 26 49 91 93 20 41 41 96 41 92 37 19 89 15 72 38 58 32 92 89 5 38 42 22 36 37 77 26 26 38 51 72 41 41 52 22 74 50 32 96 67 92 53 95 27 49 87 41 92 37 39 74 91 77 16 8 51 33 7 92 22 5 7 97 41 38 9 41 41 32 7 39 7 8 96 51 33 15 22 37 93 15 33 92 52 74 51 7 72 37 22 92 89 92 52 27 67 36 20 37 37 12 91 52 7 92 50 92 97 58 37 19 12 15 74 41 92 19 41 49 51 99 36 96 92 52 87 41 75 5 51 41 52 27 52 9 37 89 67 20 54 22 33 27 27 93 67 97 72 77 36 92 42 37 16 93 16 75 7 92 42 7 24 92 22 19 9 93 38 37 5 52 72 22 95 22 7 9 15 15 41 58 5 50 89 51 50 53 95 15 54 9 49 52 5 42 24 89 41 41 41 20 24 67 99 8 41 58 52 37 22 26 50 15 32 39 38 53 49 9 38 41 54 24 67 49 54 54 97 87 50 24 33 42 24 49 54 72 49 41 54 96 20 27 37 67 58 50 41 27 72 49 52 92 41 52 87 58 72 37 54 36 39 9 20 38 38 53 12 92 51 93 36 16 26 19 7 52 42 8 22 54 93 50 52 74 16 96 52 36 92 67 42 5 75 77 67 15 9 7 49 41 41 39 37 32 89 50 36 12 5 41 52 41 26 41 92 33 51 72 52 99 19 96 75 97 97 22 42 52 92 24 52 58 54 92 8 26 5 20 89 91 20 97 15 33 37 49 5 37 51 97 8 20 20 96 7 67 50 97 51 12 89 8 89 5 95 89 93 42 16 41 15 12 37 89 41
2360 7013 308672 262031 483750
5000
68 78 75 59 34 63 98 25 42 85 26 38 85 55 42 35 68 30 85 18 68 34 78 42 54 98 26 35 55 66 75 92 80 12 81 67 12 80 38 24 55 98 42 98 68 24 22 63 12 98 34 92 34 55 99 67 26 35 22 59 54 68 77 86 58 22 55 41 12 54 12 41 25 82 55 22 34 61 55 68 83 54 77 98 80 92 22 34 25 78 98 18 24 61 42 80 1 99 77 26 41 82 81 63 80 81 42 77 81 56 81 20 12 63 78 55 80 1 34 98 68 78 54 41 34 58 98 61 22 22 12 61 22 77 77 38 67 29 99 22 78 18 63 99 41 25 25 22 63 41 41 67 30 1 34 58 99 77 25 35 36 68 1 24 66 68 59 38 59 80 29 35 41 36 12 86 35 1 66 26 20 61 49 59 59 26 83 22 78 63 22 36 68 41 75 98 85 41 35 18 68 82 18 22 99 78 66 83 56 75 34 35 85 26 34 25 56 85 83 49 80 82 18 12 71 1 59 63 80 12 12 34 59 59 30 80 71 1 29 98 56 68 78 56 35 80 86 63 59 22 12 86 24 34 63 35 24 35 25 83 56 75 99 12 98 12 24 34 59 63 80 81 56 80 54 58 22 55 82 71 99 61 78 22 54 61 35 56 67 68 24 71 59 78 67 71 12 34 66 86 82 81 92 1 29 55 78 18 78 56 86 41 82 81 22 56 25 85 34 71 24 25 81 42 54 92 81 63 98 63 82 61 99 63 1 36 80 20 85 18 34 68 80 80 1 63 22 26 92 1 18 13 80 1 26 41 71 86 61 68 99 75 34 12 26 81 36 80 30 98 41 77 56 1 18 86 54 30 38 38 38 78 98 75 18 18 30 34 42 34 38 34 67 38 82 35 71 81 30 68 58 81 80 77 24 81 83 41 98 61 71 78 34 12 30 55 80 83 34 75 34 67 12 29 54 56 25 98 30 80 58 98 98 29 78 36 20 59 29 49 77 68 55 56 58 24 81 83 54 29 68 26 30 78 99 98 55 77 67 85 36 18 49 12 22 80 34 82 80 58 34 81 80 42 98 63 36 66 78 30 12 61 22 41 92 20 68 67 98 98 38 42 81 22 35 20 34 34 86 86 58 41 22 26 99 22 56 55 68 34 80 13 41 41 1 66 58 13 35 82 80 85 22 36 71 38 82 92 22 54 34 38 63 34 30 34 68 30 81 66 78 42 24 34 82 86 85 83 71 71 92 81 56 99 80 81 38 83 30 56 25 75 34 63 41 68 86 22 68 41 81 59 54 41 77 1 24 30 55 77 13 67 81 22 35 71 80 68 78 66 22 68 25 41 85 25 20 36 58 36 68 92 22 55 80 25 92 26 25 36 67 68 36 26 25 20 13 59 86 22 66 82 38 82 1 26 82 49 54 18 25 81 77 59 25 85 67 26 18 1 30 92 98 67 34 24 30 26 99 54 63 26 55 34 61 68 25 82 83 58 83 22 26 18 55 68 78 34 61 99 29 78 34 22 36 12 78 63 71 13 75 12 34 56 77 42 68 13 85 63 55 80 18 92 82 38 22 24 68 35 68 41 85 36 85 25 82 38 98 13 83 13 71 34 29 55 22 35 77 49 42 83 38 58 30 85 34 22 55 85 12 61 35 1 41 80 67 66 18 30 1 22 78 41 63 24 1 83 58 18 75 49 12 99 81 22 56 58 25 41 36 71 13 24 54 1 80 29 41 98 22 20 13 75 29 41 78 63 30 49 61 29 59 42 63 54 55 58 25 92 58 75 54 41 82 24 85 41 49 25 22 13 66 1 71 86 36 58 71 41 1 24 98 34 25 49 63 1 77 98 35 34 61 66 68 34 58 63 55 34 59 1 83 38 56 55 67 68 56 67 1 41 78 99 77 85 22 85 78 86 34 85 30 67 99 1 99 25 75 20 61 86 98 56 63 78 98 34 83 71 59 66 78 98 41 18 41 63 98 30 61 54 78 12 63 77 61 20 77 99 78 25 34 25 77 77 85 83 78 98 78 92 82 22 75 24 75 75 30 59 68 13 41 12 26 30 66 41 99 59 1 41 25 58 22 86 35 49 49 86 30 98 77 34 35 59 67 59 1 59 77 55 42 42 68 35 80 25 25 49 66 1 80 22 86 55 86 35 78 25 25 13 68 41 26 12 13 68 75 54 24 98 49 34 99 58 61 63 56 68 59 35 58 49 77 36 25 63 58 58 25 98 38 49 98 34 18 36 86 85 80 63 22 66 99 78 38 42 66 98 55 41 81 55 99 36 30 34 22 30 80 38 80 55 85 98 75 18 56 25 80 61 49 29 29 75 67 59 20 13 25 56 22 98 66 24 35 35 80 20 61 41 34 77 41 24 98 22 78 81 1 22 71 36 66 63 41 26 30 41 41 25 80 63 35 77 78 20 55 83 75 86 1 20 35 75 77 59 29 41 78 68 25 86 86 82 54 83 83 30 38 71 80 75 80 92 24 41 12 26 36 71 41 12 82 22 68 29 34 42 66 86 86 25 1 78 92 54 34 30 75 41 22 55 12 63 22 42 98 66 49 36 86 41 55 63 58 20 82 26 80 18 12 49 34 22 38 68 24 54 25 25 83 24 54 13 25 98 99 82 61 83 13 98 67 22 26 25 38 30 25 78 85 34 83 20 67 99 26 66 55 18 25 92 78 78 66 20 30 61 58 41 98 30 59 71 71 82 18 78 29 54 71 68 26 22 61 75 80 63 55 26 80 92 1 63 78 13 36 83 34 20 54 49 35 22 68 78 18 98 92 22 63 18 82 82 26 83 25 80 61 29 80 49 49 59 30 98 92 41 80 13 99 12 82 98 25 29 13 78 41 98 77 25 20 68 24 55 66 83 61 61 41 34 82 66 75 29 68 42 78 56 54 78 63 77 67 49 78 1 42 98 22 98 98 81 98 55 54 26 78 98 20 80 63 85 58 71 1 56 54 20 80 42 98 42 85 29 25 58 13 1 63 20 77 34 18 77 30 66 68 41 25 41 80 24 85 82 1 1 25 63 25 86 1 80 68 58 68 92 55 13 13 12 55 80 22 34 59 42 66 20 80 71 66 1 58 63 71 56 54 22 20 78 78 38 36 71 83 68 18 58 55 22 22 83 36 99 92 54 83 92 99 67 92 49 20 75 83 85 36 68 78 98 25 75 98 54 38 98 78 34 78 99 54 56 92 41 24 86 20 35 36 22 85 34 22 59 29 78 59 81 63 68 20 63 25 81 80 99 30 92 59 22 68 35 77 34 20 41 18 38 1 12 13 78 86 42 68 98 80 56 25 55 54 81 41 34 81 24 80 18 80 77 98 77 12 25 22 68 99 68 85 75 22 83 22 22 56 49 67 85 98 59 12 29 41 41 25 41 92 80 83 85 24 58 35 80 42 98 58 20 25 68 78 12 25 41 26 59 71 24 13 41 29 71 12 99 29 49 25 63 63 41 26 59 18 63 18 61 68 92 63 1 1 36 24 41 38 22 25 82 66 67 83 77 42 56 98 92 98 41 68 25 71 42 86 22 22 20 56 58 78 59 42 78 67 59 68 49 82 38 83 41 29 98 12 13 25 80 98 82 22 58 59 83 49 98 34 54 66 86 81 25 49 82 29 85 54 56 41 92 80 67 25 80 41 35 55 18 75 61 81 38 55 66 85 34 29 22 82 12 82 55 66 29 92 42 13 77 13 99 30 1 24 75 63 49 35 59 83 71 54 78 63 61 22 24 34 22 35 59 71 24 80 30 80 80 86 26 55 61 41 78 61 75 67 59 35 38 36 34 30 99 82 24 29 22 49 86 54 49 26 54 56 92 22 58 34 58 98 25 20 63 63 49 71 68 68 55 63 20 41 25 59 25 63 34 68 1 56 85 29 38 55 18 85 80 29 54 20 12 24 12 83 71 12 78 30 38 98 41 68 1 41 80 61 49 63 38 80 92 41 36 12 56 98 25 42 98 42 71 61 68 85 63 99 98 98 30 24 99 61 80 35 75 12 42 29 49 78 35 92 41 71 80 61 22 18 78 68 82 78 38 98 41 38 59 98 41 13 13 82 12 56 56 80 41 22 66 68 68 98 12 1 63 63 80 22 30 75 68 77 92 36 81 81 99 54 66 99 67 25 68 35 36 34 78 22 13 30 92 83 67 99 36 41 24 68 20 35 22 58 80 26 81 34 34 71 77 80 75 85 25 54 59 86 41 59 34 49 82 77 80 26 59 22 78 63 49 67 1 80 58 78 24 35 63 86 56 61 34 22 77 80 78 99 80 61 20 25 24 59 80 61 63 98 49 54 82 20 22 98 55 42 22 25 63 25 38 75 63 83 22 98 68 59 68 29 38 58 68 25 22 24 58 78 38 77 86 78 82 1 42 66 42 77 66 78 22 35 75 68 12 41 68 22 63 56 29 63 78 80 66 81 22 63 63 30 1 13 13 22 75 34 78 26 59 38 59 1 38 58 29 68 78 61 83 63 35 98 98 22 12 18 67 77 55 38 29 36 71 85 68 56 25 24 99 26 63 58 82 81 1 35 34 34 41 77 30 55 68 77 85 68 25 85 59 29 24 63 18 22 34 36 25 92 66 86 18 86 30 41 1 55 81 68 77 80 35 58 54 41 63 36 77 30 49 34 29 99 68 85 34 22 67 78 54 22 35 38 24 13 80 41 24 67 49 29 18 78 68 12 41 58 24 85 13 49 98 29 22 86 77 99 26 78 20 30 58 34 34 80 34 41 12 71 82 20 77 41 13 98 61 18 63 12 63 82 1 67 22 66 56 66 77 49 38 68 36 78 41 38 61 1 83 1 83 81 22 29 75 77 99 98 38 68 34 41 75 13 85 78 12 86 35 22 78 78 92 38 20 80 82 34 63 41 63 55 30 98 85 56 22 56 63 78 75 68 22 78 92 61 34 82 34 78 92 54 61 20 30 66 75 82 80 59 30 80 81 25 34 99 61 22 56 71 34 34 13 22 20 22 98 34 49 36 22 78 29 36 80 34 49 63 75 67 67 78 68 38 12 81 67 63 13 75 83 25 41 13 22 66 68 85 55 26 30 92 78 36 66 38 36 26 18 22 22 58 67 49 54 20 92 99 24 55 41 25 71 66 63 67 86 59 98 71 29 13 98 58 68 92 61 35 34 99 12 68 80 68 35 20 61 81 80 98 80 68 68 81 49 61 1 56 49 86 81 85 22 20 38 18 35 36 18 78 56 54 80 75 38 85 35 86 56 99 78 49 25 29 24 55 41 12 98 24 75 41 25 13 86 18 63 22 68 29 34 42 78 41 25 77 41 66 29 98 26 34 20 12 42 25 42 80 78 78 63 13 78 38 61 38 22 98 18 41 34 25 63 77 68 86 41 24 24 85 83 49 85 49 36 34 38 81 35 38 99 38 67 68 34 1 12 55 24 34 80 24 42 63 26 75 18 36 92 82 82 86 36 75 56 59 85 35 22 25 59 34 66 78 68 41 63 82 63 77 29 55 13 68 30 24 30 99 34 61 18 22 82 18 13 13 12 34 34 38 98 41 55 67 78 66 26 20 41 78 63 75 92 59 61 22 99 98 24 67 35 68 41 99 25 98 41 42 22 26 25 25 80 68 34 78 78 83 18 63 56 68 75 25 92 68 71 26 59 56 34 83 98 67 26 80 42 36 59 42 63 54 58 83 25 55 22 18 18 85 42 29 81 98 36 25 66 59 49 75 86 20 86 25 92 82 41 77 92 71 78 99 98 36 86 71 71 75 49 92 41 82 25 63 68 86 75 54 77 77 63 92 30 12 61 77 78 80 81 78 67 25 36 78 66 68 18 99 25 1 99 49 68 56 55 22 82 22 81 61 38 25 58 77 75 81 18 71 22 80 41 20 92 22 78 80 58 98 83 80 63 55 85 29 68 80 36 85 80 98 24 35 68 63 78 82 22 41 81 30 83 30 29 34 92 55 30 63 81 30 22 18 26 41 92 25 85 59 56 41 78 25 58 20 78 42 78 77 78 80 29 85 25 63 83 29 18 35 80 81 83 26 36 22 36 41 41 41 24 86 81 26 86 82 61 22 20 98 12 78 63 82 68 1 86 75 63 56 35 56 35 81 36 99 49 85 34 54 78 54 83 25 80 92 18 26 56 71 86 82 80 22 22 68 66 86 98 41 34 66 54 80 61 78 71 18 13 55 42 55 58 34 83 41 13 63 71 68 56 22 58 71 98 22 20 80 71 42 92 78 63 78 30 99 78 85 78 71 54 80 36 13 38 78 34 99 78 1 38 1 35 98 86 41 71 18 66 67 92 83 54 22 22 68 68 71 83 35 86 98 63 20 41 83 22 34 42 92 63 59 82 80 92 34 58 49 82 30 18 26 34 66 63 35 75 20 92 26 54 24 41 49 78 35 42 78 98 68 35 22 41 77 68 86 54 71 30 35 35 24 12 63 80 34 61 80 25 29 63 78 68 78 81 75 54 71 61 13 26 67 41 25 86 82 42 63 86 41 92 67 75 66 98 68 92 55 67 59 77 83 55 36 66 75 67 82 22 41 34 56 68 36 66 22 20 67 55 29 98 22 83 18 71 42 63 78 86 61 83 85 59 66 59 49 92 68 13 82 18 67 1 66 13 13 22 98 1 99 77 1 85 25 80 92 25 41 12 61 30 18 22 34 25 58 20 1 82 49 42 67 36 25 34 25 56 77 41 36 71 78 34 41 67 36 59 83 80 56 80 82 98 58 80 29 98 63 77 99 83 68 25 75 81 25 25 63 12 25 81 1 49 41 54 25 78 78 83 54 63 26 63 80 30 71 41 98 77 35 59 58 63 42 41 78 68 38 41 98 12 25 83 49 99 42 63 22 35 20 36 80 85 22 56 81 26 77 66 1 66 68 68 77 63 80 42 80 38 13 25 12 20 54 59 98 82 24 78 58 63 98 85 92 66 41 34 75 20 82 41 85 68 68 24 82 66 38 61 78 13 68 75 25 29 55 41 75 13 34 41 71 34 34 80 85 92 78 71 22 1 20 66 61 86 20 56 77 71 99 78 59 41 99 35 98 92 68 61 63 41 85 25 26 49 59 78 71 99 34 42 12 22 1 29 67 54 61 41 80 25 77 80 36 98 36 54 80 26 81 67 13 71 63 30 80 35 18 61 18 22 75 18 81 25 26 68 25 35 80 71 59 34 29 42 68 29 55 67 99 68 38 63 99 42 34 63 85 82 41 56 63 34 34 41 54 25 25 34 30 92 78 42 66 68 75 61 24 22 81 80 77 77 99 68 63 63 35 63 98 12 83 86 83 49 68 99 34 25 80 58 75 34 78 26 42 13 71 66 54 98 78 98 22 25 99 80 78 56 36 75 78 41 55 58 75 24 80 63 34 55 20 24 77 54 35 68 20 67 12 83 1 22 42 86 35 92 35 77 99 26 34 78 75 82 83 77 80 12 18 75 75 22 63 13 29 81 41 20 98 20 82 61 75 24 75 56 77 34 35 80 67 82 24 68 80 13 25 68 61 42 41 83 49 86 80 61 55 1 80 56 92 12 75 38 78 49 20 63 49 34 59 49 34 41 49 34 80 66 1 22 71 13 98 78 34 81 98 98 81 25 49 61 86 77 63 41 80 55 34 12 83 83 71 63 34 92 34 80 1 80 49 78 18 81 61 71 75 63 26 42 80 67 55 98 59 68 18 99 13 63 80 1 55 49 38 63 56 82 13 18 35 59 75 67 29 61 63 81 85 41 99 61 55 86 12 82 35 25 83 78 18 25 25 63 25 13 49 41 26 24 35 68 78 68 80 78 80 54 54 63 66 78 67 61 75 56 77 29 75 41 86 61 34 67 22 78 36 61 13 22 61 58 34 59 22 63 82 26 66 86 80 99 49 66 56 98 24 63 35 59 54 98 34 35 41 58 56 30 42 59 38 71 58 20 77 80 71 24 68 18 67 98 29 83 66 98 26 25 12 67 22 20 49 71 22 20 99 85 22 81 38 36 80 98 55 42 26 22 98 30 98 54 34 98 80 25 81 86 20 86 36 61 80 68 20 61 12 61 1 38 42 80 29 25 41 78 85 61 24 25 38 35 49 85 68 85 63 98 13 81 68 85 85 80 42 68 18 85 1 41 98 30 30 18 68 66 13 86 54 63 78 55 63 92 75 42 63 75 41 92 75 59 29 38 34 80 12 75 36 98 66 83 58 38 18 78 78 1 68 82 35 55 25 35 68 41 56 86 71 56 83 49 25 83 67 98 18 58 63 68 20 83 67 30 83 61 75 75 25 13 36 59 55 13 78 22 42 41 80 25 29 78 66 13 54 92 98 34 22 81 25 80 25 98 22 20 26 36 80 63 86 41 29 80 30 41 1 63 59 63 78 85 98 77 75 58 77 83 26 61 34 41 71 66 36 12 63 78 22 66 30 78 12 86 80 99 68 98 80 81 38 80 25 26 36 34 34 22 34 49 42 30 34 34 78 20 99 18 42 63 22 98 55 86 86 22 34 22 20 80 83 68 34 66 24 68 78 59 22 71 54 98 49 38 66 68 54 82 98 78 68 26 25 66 36 13 30 35 58 75 98 1 34 55 80 18 80 42 1 30 22 98 82 78 61 80 80 80 22 22 36 41 99 77 78 67 80 80 98 86 59 26 13 34 66 78 98 86 38 38 29 67 58 1 42 63 42 36 26 56 81 58 36 85 56 98 34 59 25 22 78 83 24 83 75 35 13 22 35 59 26 49 92 66 81 41 54 18 66 24 99 22 98 56 82 68 63 34 55 26 12 26 25 1 25 78 78 54 68 75 98 25 63 1 29 20 18 42 63 24 29 77 81 34 38 34 77 82 98 81 67 1 34 92 24 98 58 80 25 20 29 92 34 49 98 78 22 25 77 30 41 63 68 41 63 13 42 36 26 78 18 75 25 86 55 61 38 12 63 30 71 92 22 98 1 71 63 41 98 66 67 59 29 66 82 22 78 77 18 24 85 81 22 68 20 35 25 82 99 35 41 34 13 59 75 49 42 68 63 41 98 36 18 80 55 13 68 42 56 25 34 26 34 35 98 54 67 22 41 25 67 66 98 98 13 83 77 67 26 24 77 85 58 36 86 26 58 63 38 67 1 34 25 77 38 26 20 78 63 25 98 26 61 26 63 20 63 30 86 83 42 68 61 59 41 99 68 38 56 26 26 86 54 83 18 67 1 81 59 25 49 83 68 20 80 68 22 98 49 81 77 71 25 36 34 25 29 12 63 49 66 68 35 30 59 20 80 71 29 63 80 26 54 36 49 41 68 58 24 25 83 26 13 98 38 75 71 20 82 24 81 55 78 77 92 92 80 20 82 81 34 63 25 38 49 85 36 77 98 78 49 92 41 59 12 63 42 56 75 71 56 63 68 30 24 63 38 92 41 18 42 68 98 63 61 34 85 85 55 24 61 80 30 81 22 78 29 63 71 66 82 42 61 20 67 30 13 38 54 56 98 34 80 56 66 92 98 42 24 63 41 66 12 34 75 34 98 59 81 92 67 49 29 59 58 42 49 86 49 18 77 25 49 49 85 98 22 42 99 63 34 29 25 98 55 18 92 12 38 71 71 25 30 80 25 67 29 58 86 63 78 63 63 71 75 22 92 22 41 75 78 99 36 18 24 68 20 42 78 75 24 56 99 41 29 54 85 59 99 54 24 83 24 12 80 36 80 18 92 58 29 34 12 98 30 20 81 20 54 78 34 22 24 1 1 61 85 22 36 71 68 58 26 66 63 68 25 71 56 86 85 26 83 86 68 98 58 68 34 98 38 41 71 56 41 38 86 99 42 36 68 34 92 66 35 81 68 25 35 81 99 30 67 99 22 92 78 78 63 81 71 38 29 41 41 34 82 41 83 81 85 83 30 80 22 92 42 63 83 81 78 58 86 80 36 13 26 82 41 22 36 34 30 25 41 58 66 1 42 26 78 30 98 85 63 78 81 24 56 18 26 98 55 66 13 58 20 86 82 35 1 63 41 68 13 98 38 1 13 18 83 49 1 54 67 12 68 18 98 56 80 85 34 78 71 78 18 55 68 34 67 55 49 25 18 54 85 82 35 29 67 58 29 13 25 12 78 92 82 98 22 98 83 36 18 92 67 1 99 25 38 98 22 55 63 68 20 68 29 78 25 36 75 98 98 82 41 61 77 63 13 92 41 30 78 38 98 22 61 18 49 42 86 68 20 67 20 99 54 81 85 78 67 36 68 66 77 58 99 67 35 26 83 41 80 55 63 56 80 80 85 41 25 63 30 42 98 80 30 99 42 36 92 29 63 67 66 41 54 22 67 59 92 24 81 67 81 41 82 56 77 63 24 68 68 78 54 71 55 41 56 78 25 58 25 63 12 80 55 25 13 41 34 24 34 41 63 42 54 41 42 29 36 83 68 54 83 22 30 61 22 99 29 92 56 92 25 34 63 61 58 78 58 66 29 92 29 55 56 81 22 35 25 41 36 80 71 24 26 80 68 29 58 68 67 24 80 35 1 12 30 49 54 30 29 61 59 26 85 77 67 71 59 22 13 25 85 1 78 54 85 25 99 86 92 30 29 25 66 80 41 25 77 34 99 58 75 58 38 80 68 34 34 86 61 20 22 78 12 82 68 22 22 25 66 61 26 78 67 12 67 86 25 49 80 25 86 56 63 13 78 67 30 99 80 98 68 98 56 54 54 58 25 55 56 13 98 25 26 56 98 78 34 35 68 13 85 71 63 24 80 55 20 54 34 30 18 22 85 18 86 63 83 54 56 20 98 63 63 98 54 34 85 13 58 54 68 78 99 81 58 55 58 63 36 26 78 68 80 98 63 13 24 68 25 49 25 83 29 12 26 66 20 24 68 25 59 22 68 80 67 75 38 80 41 68 25 82 13 36 80 41 12 36 41 78 22 42 58 63 1 58 25 13 13 13 13 29 81 68 34 18 25 58 98 36 81 29 54 63 20 36 25 25 12 30 12 35 92 26 67 34 41 98 56 68 98 25 38 78 55 58 13 25 86 55 82 22 99 12 38 29 82 81 34 80 80 83 34 98 38 20 59 41 63 67 34 42 34 54 61 36 81 98 71 63 77 42 82 98 12 59 29 42 78 24 61 41 99 24 82 63 41 34 41 34 66 25 49 85 1 20 58 41 30 26 67 71 13 80 98 12 56 25 56 49 86 42 38 63 68 56 12 68 98 71 38 25 68 42 98 59 29 58 18 38 99 41 75 81 20 63 49 86
223944 54648 733040 195 70720
5000
27 5 2 2 73 47 44 5 78 2 66 54 40 72 73 99 98 38 27 5 12 74 5 63 62 91 39 5 65 64 19 52 5 9 94 27 72 52 50 54 2 91 52 64 30 40 47 2 38 44 9 63 44 88 50 66 45 45 91 73 98 66 5 66 19 50 62 27 64 91 99 39 62 78 61 27 39 74 99 30 98 88 47 62 94 74 9 2 42 45 54 42 2 91 91 50 83 39 90 42 45 38 40 47 27 47 62 45 12 90 44 54 63 91 50 27 72 74 98 27 27 66 98 99 90 27 94 12 65 12 65 52 47 38 2 66 98 39 91 38 2 66 19 98 91 62 72 65 12 61 88 42 2 64 64 62 8 73 50 73 5 50 19 38 62 39 61 52 39 51 83 62 40 27 73 74 78 44 39 51 27 66 44 91 44 45 83 9 72 72 50 74 47 9 12 50 47 38 45 27 73 73 52 72 5 88 50 78 66 88 27 62 50 27 47 51 44 44 72 88 62 12 19 5 61 52 94 44 65 74 19 51 5 39 74 54 27 54 44 19 52 94 62 30 50 62 30 72 8 52 94 78 88 83 47 40 54 39 98 91 9 2 47 66 51 64 52 64 63 61 65 30 38 51 40 52 42 19 65 27 50 91 12 5 9 66 90 40 51 62 61 62 27 62 44 61 83 62 62 27 27 65 39 44 47 91 78 30 66 2 2 8 63 64 73 47 98 39 91 61 8 45 66 19 40 44 12 44 65 27 9 73 73 2 27 9 66 2 72 66 52 66 54 44 91 50 45 47 61 52 27 27 44 2 19 47 47 27 91 52 44 27 54 38 66 30 39 42 40 19 5 5 38 44 66 44 91 72 65 74 47 91 72 5 91 45 50 27 50 52 54 62 98 5 52 72 83 27 42 8 27 72 63 94 44 12 8 52 73 45 19 66 45 5 62 51 66 73 72 73 94 73 9 27 5 66 90 47 45 54 88 91 30 54 98 27 39 73 50 52 44 8 39 63 91 63 39 94 44 44 2 40 52 19 12 42 74 83 78 64 2 50 27 52 52 91 98 74 52 61 91 99 98 72 74 83 64 88 63 66 98 91 27 83 27 72 5 50 91 65 65 94 19 39 8 52 83 45 39 27 50 19 47 73 99 40 38 9 91 62 5 2 94 27 2 64 61 98 47 88 38 73 73 74 30 90 83 83 19 52 72 27 30 61 12 52 19 2 27 65 50 42 98 52 39 52 83 8 30 2 19 61 2 62 39 19 30 88 78 27 44 91 2 39 30 40 54 40 9 52 27 5 52 74 50 42 74 44 47 27 45 66 2 51 45 52 83 62 5 88 50 74 98 50 54 62 94 8 51 91 30 47 65 27 12 83 42 61 5 38 30 8 54 52 65 91 90 66 64 19 30 38 27 73 44 9 63 65 47 54 64 42 99 65 61 73 73 12 78 51 2 62 62 98 47 62 30 27 91 47 30 38 2 64 47 27 42 98 62 30 8 12 61 63 91 30 38 54 47 52 62 30 51 52 52 50 66 12 2 38 45 44 63 64 5 9 19 45 83 12 42 91 50 50 99 63 54 73 74 61 39 78 2 64 8 51 72 39 73 39 65 65 90 30 9 42 73 91 5 61 12 5 44 9 62 40 91 83 38 52 40 99 19 8 5 63 88 9 66 61 63 62 44 47 45 91 5 64 50 54 91 61 47 2 52 19 66 91 91 52 73 94 91 62 61 19 12 91 44 2 78 51 2 61 9 83 94 5 52 27 90 39 9 83 66 54 47 44 47 19 50 30 2 47 27 27 44 8 44 62 27 40 62 27 73 73 8 5 8 90 5 88 64 38 30 74 90 40 47 98 12 5 2 39 40 73 44 27 90 78 27 51 83 54 38 19 27 47 30 88 8 98 98 47 45 19 47 8 52 27 50 78 38 63 73 52 66 94 66 62 47 50 88 66 50 27 47 65 72 50 64 27 90 42 40 51 38 12 27 9 44 47 99 51 62 74 91 73 12 27 66 83 66 65 91 88 72 91 72 12 47 42 2 64 91 66 27 94 78 83 73 64 52 38 91 98 90 5 9 12 12 64 30 50 73 39 94 27 2 99 51 91 73 62 27 65 8 27 51 45 50 44 19 27 73 64 83 72 19 64 72 5 74 83 78 19 63 30 66 40 42 73 91 19 44 98 19 91 78 8 52 5 8 66 50 39 42 98 73 66 73 90 5 8 27 39 65 62 5 52 50 62 40 94 74 38 27 42 45 73 91 94 9 91 73 73 73 63 66 63 27 78 63 54 44 54 99 72 5 2 39 88 40 74 47 2 64 65 61 91 2 63 5 51 62 74 52 19 44 94 91 98 98 91 5 94 27 98 66 66 65 98 73 8 94 44 47 38 8 91 52 88 99 94 44 72 54 62 50 27 12 5 40 78 52 19 19 44 52 27 64 66 5 39 62 52 5 2 52 5 50 62 52 8 8 72 83 73 39 39 78 54 12 9 40 19 94 83 2 19 50 51 50 5 72 8 90 62 99 9 12 44 40 74 74 52 73 78 63 50 51 9 66 99 63 19 47 64 50 8 50 62 91 47 63 99 2 62 39 2 73 91 42 64 61 30 66 45 5 51 99 64 45 88 39 66 99 52 44 61 94 5 27 64 40 54 12 44 19 63 66 72 65 9 73 52 5 72 50 39 12 62 91 27 65 63 62 39 66 27 73 78 73 2 73 47 44 45 91 5 73 98 30 5 72 47 8 99 62 74 12 78 73 5 98 19 62 39 44 27 27 91 73 12 45 39 47 42 51 44 2 62 19 42 52 30 12 39 44 73 27 30 2 64 52 66 74 94 66 66 44 2 47 61 30 45 74 2 62 88 74 44 78 74 40 5 44 64 19 72 74 66 91 63 40 63 42 62 51 66 50 62 9 27 27 5 74 47 5 27 9 88 2 91 72 39 19 39 88 8 45 73 63 40 51 47 9 5 39 30 5 62 5 39 65 38 45 38 45 62 99 61 27 61 2 91 47 91 98 39 50 47 63 39 99 62 83 9 91 40 52 19 45 72 50 45 62 30 44 19 30 63 99 30 38 9 9 50 19 27 30 74 65 42 66 44 83 91 47 66 27 2 9 62 2 50 38 8 50 62 40 54 19 47 39 47 62 8 91 98 27 78 2 83 62 2 2 30 91 74 44 66 50 30 91 66 90 44 27 73 73 52 99 12 47 66 63 5 61 27 19 42 27 51 94 99 74 73 78 47 50 51 74 91 91 65 73 52 91 5 5 99 61 54 44 19 51 50 66 30 74 8 72 2 30 54 65 9 72 39 9 39 44 50 5 91 66 54 2 12 88 44 78 62 39 52 39 50 88 52 61 62 19 9 64 99 19 5 61 27 73 65 45 64 73 98 47 91 74 90 2 52 27 61 30 62 91 5 66 73 64 98 27 42 40 64 73 45 40 9 12 44 78 51 30 44 44 51 19 94 73 50 98 73 47 62 83 51 50 88 44 52 44 61 66 27 91 90 66 19 44 61 94 52 51 27 91 73 9 63 74 66 62 74 2 62 62 98 65 42 47 91 27 63 54 44 19 64 50 88 61 39 61 62 27 94 90 8 42 5 19 52 91 62 27 39 61 62 39 8 9 47 63 30 40 66 42 39 51 88 12 19 44 39 99 44 2 44 91 2 52 27 83 5 5 52 91 12 30 54 50 19 47 2 30 62 9 39 42 72 8 64 90 64 74 99 99 5 19 5 44 74 63 66 73 12 52 42 74 42 27 45 9 30 98 64 66 74 66 45 30 38 72 62 99 52 63 19 44 54 50 45 88 2 50 73 47 44 44 27 50 27 2 39 73 50 52 83 5 66 5 27 5 44 39 99 52 40 50 5 98 5 12 66 40 65 88 54 83 54 44 91 27 2 39 63 73 47 50 52 42 72 2 73 45 62 99 51 27 54 63 65 2 64 73 62 66 52 2 39 12 5 2 27 52 64 88 72 74 9 51 19 19 61 2 54 50 62 62 51 19 50 5 27 39 27 78 2 91 42 83 91 62 94 66 2 83 91 44 39 5 78 74 27 73 74 66 8 2 83 27 52 5 12 74 66 19 99 27 64 2 2 9 91 63 38 91 40 61 47 19 91 90 51 73 47 27 2 47 19 27 39 73 5 78 47 47 44 5 54 91 73 27 19 50 39 99 47 66 5 44 52 73 38 47 64 38 12 72 91 91 5 2 74 40 54 94 65 90 54 42 39 73 38 65 51 2 88 2 54 88 42 27 47 27 62 19 83 73 99 73 78 30 19 61 27 78 44 98 91 54 5 65 88 78 94 19 8 44 19 8 5 78 74 40 98 94 44 65 73 62 2 91 73 47 39 66 5 47 52 47 19 91 19 91 40 73 5 66 62 88 99 91 64 51 39 65 45 66 98 42 2 39 44 47 83 90 47 72 78 8 8 64 27 44 90 47 65 27 30 72 91 47 78 50 88 5 83 54 19 12 61 51 62 90 19 88 88 12 72 19 72 83 50 38 39 74 45 8 91 44 73 66 38 27 9 66 62 50 99 91 50 38 73 65 90 78 27 38 45 9 44 5 51 66 66 5 88 98 52 88 72 50 65 39 62 51 39 74 27 42 27 8 42 73 2 19 83 66 47 64 50 62 99 66 98 52 99 5 52 39 5 44 74 9 73 5 47 65 66 2 19 42 99 90 44 38 99 12 19 9 62 94 50 45 62 74 44 72 52 73 91 73 62 27 61 54 64 51 27 50 19 63 27 5 66 51 5 44 52 12 5 38 2 91 66 62 5 65 2 54 52 39 2 66 94 73 42 63 62 73 94 44 73 90 8 52 61 44 65 47 62 65 2 38 66 94 64 83 19 38 8 88 73 72 9 90 5 73 61 45 47 30 19 40 73 64 12 65 44 62 94 61 42 5 62 2 47 27 83 50 66 47 90 2 62 50 27 42 74 2 40 2 27 50 39 66 45 62 47 47 88 12 12 52 5 52 73 50 63 27 19 51 44 90 73 45 42 65 27 51 74 5 73 73 27 5 88 50 54 73 62 98 38 90 62 45 99 62 61 38 47 2 50 90 39 66 5 40 91 5 88 5 64 61 90 39 42 72 88 39 30 27 91 52 83 39 8 9 78 19 8 62 90 27 66 52 19 50 83 50 62 39 52 50 62 62 27 88 66 2 2 98 66 40 19 66 47 99 2 39 88 47 8 50 9 45 8 2 19 44 39 19 45 40 98 40 73 47 9 2 40 88 78 83 38 19 83 61 50 50 73 91 52 65 27 62 8 52 47 44 19 39 19 73 63 66 44 66 62 73 5 83 38 66 52 47 72 39 65 62 98 78 74 44 94 19 5 66 73 27 38 64 73 39 72 63 19 39 98 44 39 83 8 27 5 83 8 27 99 63 90 2 64 30 91 27 2 52 44 66 40 8 38 42 47 61 99 74 30 91 19 91 83 5 91 38 2 5 9 66 47 39 8 39 83 72 66 94 66 2 54 98 47 8 61 27 27 19 63 45 83 98 2 73 39 39 74 62 91 44 50 19 47 27 78 90 90 39 83 12 19 44 47 50 40 45 44 27 83 73 78 78 61 91 47 78 44 51 39 91 2 98 19 94 52 2 91 54 12 66 52 47 52 47 39 50 19 66 90 30 73 61 51 62 9 52 99 73 91 64 5 94 52 27 90 44 63 94 66 99 91 78 45 5 74 19 91 50 63 44 47 72 47 42 19 38 99 72 2 74 78 2 2 40 44 27 2 74 91 27 42 63 78 50 9 38 8 40 47 5 91 42 47 54 47 94 64 72 30 88 91 5 47 9 98 78 54 65 65 62 83 98 88 19 99 83 78 19 74 52 27 90 94 51 66 66 39 47 90 44 83 63 98 12 9 19 72 5 61 90 83 45 2 40 40 83 44 64 19 19 78 30 44 44 9 64 52 74 73 19 91 62 90 52 62 90 99 88 5 62 2 44 94 40 39 64 91 73 47 51 52 27 27 27 99 83 27 66 61 27 88 9 54 39 66 51 98 62 78 19 50 54 45 39 52 19 83 99 19 39 50 52 47 62 39 40 74 8 38 39 19 62 64 94 39 2 66 66 66 51 47 62 61 45 42 99 88 78 62 73 45 19 5 9 54 19 50 52 27 19 65 65 61 8 72 83 47 45 51 62 44 98 39 40 62 51 9 27 61 47 9 52 64 61 39 66 19 38 42 38 88 54 5 63 51 50 99 39 61 52 66 73 78 52 73 30 44 12 63 19 64 51 50 73 44 27 2 73 52 50 19 51 30 8 88 5 64 44 27 78 91 94 5 38 8 94 74 73 52 78 66 39 38 94 2 90 66 19 61 27 45 47 45 52 12 91 44 2 39 27 91 52 72 30 52 38 51 50 91 99 2 27 94 78 62 2 50 54 73 73 78 54 66 99 65 91 19 8 52 27 19 44 52 74 51 2 63 73 12 66 62 64 5 50 61 27 44 39 90 90 30 40 30 52 65 42 39 64 91 50 64 47 73 9 91 73 66 91 2 83 54 5 12 27 44 62 27 62 19 39 8 5 94 91 9 2 44 44 54 27 83 2 66 40 39 62 65 40 44 90 72 91 19 83 47 38 64 38 52 39 8 27 44 66 54 52 39 39 51 45 2 19 27 5 39 66 91 61 88 62 38 50 52 30 98 74 19 12 27 61 2 64 74 40 90 94 65 65 63 47 27 39 78 27 52 19 99 50 99 54 19 47 54 51 73 44 39 42 73 30 83 72 39 30 27 47 63 44 19 40 44 98 27 44 42 52 8 12 44 51 5 52 50 63 91 27 91 44 19 19 27 5 52 47 83 2 78 73 88 47 52 88 51 19 50 50 8 19 91 27 42 50 44 73 38 50 94 12 88 12 27 9 47 54 9 90 66 50 27 62 63 44 94 83 54 39 73 88 91 62 94 65 2 94 98 90 66 12 9 50 47 50 50 44 30 44 65 27 27 19 42 52 83 73 65 5 94 38 90 63 78 44 52 5 91 30 62 98 38 12 78 73 39 88 90 30 39 64 52 83 90 44 88 83 73 5 83 51 91 2 62 73 27 39 65 12 51 19 27 27 39 65 64 47 50 52 66 2 47 63 47 63 38 66 63 73 99 72 52 73 30 66 45 99 91 54 94 73 30 83 12 50 73 44 99 38 62 50 5 50 47 65 27 94 62 27 61 45 54 19 51 44 5 62 39 27 44 99 62 62 88 99 66 73 9 42 2 8 66 27 74 2 62 83 83 66 91 65 52 61 78 39 61 19 90 73 39 5 99 5 52 99 2 19 19 5 8 5 27 62 5 73 88 73 44 47 19 40 42 44 45 62 62 72 39 42 47 38 2 63 27 62 27 62 72 39 63 52 50 38 2 52 91 2 51 63 66 98 52 90 52 90 61 74 27 5 19 44 38 30 50 62 50 65 50 52 19 65 2 47 39 66 65 66 52 40 54 72 62 2 54 73 63 2 27 50 44 98 27 27 91 66 44 38 66 73 40 50 52 30 39 9 54 30 94 45 73 2 27 44 64 19 39 73 27 74 45 30 47 72 5 63 40 39 52 65 99 27 19 78 5 52 94 27 61 94 63 65 99 42 91 39 63 91 63 98 47 50 61 50 62 62 47 73 62 47 62 27 47 78 73 2 64 27 19 98 5 66 73 91 94 73 2 47 94 90 98 2 98 74 5 64 44 38 51 94 72 99 62 94 91 38 51 39 27 47 2 44 39 50 19 94 2 73 44 19 39 73 66 83 2 88 27 78 38 66 27 51 2 91 9 66 66 5 52 88 99 52 8 44 51 30 63 62 27 38 44 19 27 90 9 52 44 2 2 42 78 65 27 72 51 38 63 44 94 52 8 39 38 19 78 2 66 63 27 50 27 73 78 50 65 2 61 8 27 38 9 40 74 30 47 27 27 39 64 47 50 5 27 63 5 2 5 40 40 42 66 52 40 5 27 90 12 38 54 2 8 19 8 90 50 64 5 61 5 94 45 5 64 12 27 63 27 30 91 90 99 72 2 38 61 52 62 5 98 73 66 27 47 52 90 8 66 9 73 91 27 50 39 39 50 39 30 78 62 66 63 47 73 27 91 2 74 99 40 52 64 27 50 5 88 27 27 30 2 90 63 65 54 65 61 94 47 73 74 47 73 47 40 40 12 78 8 2 62 52 27 50 91 74 52 27 62 38 47 83 38 73 52 12 98 50 27 63 39 27 78 88 27 30 90 74 19 91 27 63 40 90 40 5 78 9 78 40 45 94 78 38 27 42 78 52 94 98 62 61 2 50 52 64 62 98 73 19 39 83 8 45 72 47 78 62 99 9 51 91 39 66 19 8 62 39 44 94 39 54 91 73 44 5 83 50 40 73 50 74 39 63 64 72 66 50 27 51 54 45 44 50 8 19 61 62 47 91 65 2 54 42 27 38 78 66 5 47 45 66 9 40 62 50 65 9 65 74 47 72 40 19 98 12 5 5 90 42 47 39 88 91 61 19 72 73 5 64 45 63 27 73 5 66 62 2 47 52 44 5 44 74 27 44 40 2 19 52 40 66 45 61 5 47 47 63 83 45 19 19 39 74 54 44 44 88 66 47 99 94 27 88 63 88 12 99 51 39 9 65 2 52 50 78 42 38 45 50 52 83 52 42 78 45 91 2 19 27 39 90 45 19 9 44 8 62 44 94 52 90 54 90 39 62 74 27 47 66 12 50 51 66 62 88 27 98 39 99 40 54 44 72 90 50 62 88 44 52 50 99 8 51 27 42 27 50 66 9 61 27 45 8 44 2 2 9 98 39 27 74 99 63 99 27 44 64 30 2 99 27 40 42 62 45 51 94 61 5 91 12 5 19 2 50 61 62 90 27 94 62 50 88 62 47 78 90 54 52 62 40 45 64 74 42 12 61 50 88 52 66 62 72 72 50 5 83 74 73 42 45 66 52 2 19 66 66 39 45 39 19 2 50 52 5 12 83 40 27 91 42 65 39 27 88 91 19 50 73 51 44 27 47 44 38 47 51 50 5 5 73 52 52 9 30 5 83 2 47 39 62 39 91 12 39 39 88 40 90 50 51 72 78 9 5 88 98 27 99 62 83 2 42 44 94 78 78 27 91 9 12 9 54 47 64 12 51 51 30 2 38 5 78 19 52 44 90 40 99 39 94 65 52 91 62 50 63 40 50 27 74 5 94 52 72 27 30 61 42 65 54 8 5 98 72 44 27 39 88 50 44 51 52 73 91 73 62 19 8 39 52 98 40 61 45 40 99 47 90 83 2 47 90 66 12 40 5 2 66 65 74 52 45 52 27 5 98 91 45 50 52 19 66 88 2 19 39 61 99 50 78 62 27 42 63 88 42 78 30 27 73 42 73 27 66 47 73 63 47 47 39 27 91 50 98 99 62 27 83 5 54 91 5 38 78 54 66 39 47 72 9 8 61 54 73 38 91 94 45 39 66 52 27 45 2 40 30 50 19 78 39 39 72 61 65 44 66 90 52 54 74 83 91 42 19 54 27 51 47 27 73 63 61 83 72 9 5 54 62 62 50 39 5 50 27 8 44 64 73 2 19 73 30 50 72 88 42 45 73 62 2 9 19 19 65 30 74 8 83 45 30 91 62 63 27 12 91 90 94 52 19 91 66 12 50 83 98 47 98 61 83 47 50 19 64 91 44 66 42 73 66 2 52 64 91 44 12 98 27 90 12 99 19 61 44 54 73 72 91 98 94 44 39 88 38 66 66 27 51 83 5 72 27 52 73 91 74 54 66 91 90 94 44 64 62 90 99 62 98 65 73 44 74 83 2 19 94 64 30 19 27 27 51 2 12 90 73 5 78 62 94 54 2 27 66 47 38 9 39 52 64 50 65 27 39 54 44 9 12 47 5 63 39 88 9 42 64 47 88 91 66 91 66 12 38 50 52 74 45 94 61 66 65 12 12 72 50 54 52 38 66 19 90 44 8 88 44 61 39 72 62 27 47 42 51 73 78 54 54 64 62 44 63 91 30 38 64 52 73 27 9 45 66 88 66 94 72 50 39 88 90 47 90 8 27 27 62 91 2 54 78 44 65 88 19 27 5 66 65 91 91 5 73 47 2 52 66 90 73 61 19 8 42 52 27 50 2 63 83 47 94 45 62 47 44 8 88 30 5 9 19 66 94 38 8 19 88 47 2 8 73 52 91 27 73 52 9 42 90 52 19 99 50 9 50 40 98 39 30 73 19 40 61 39 19 45 40 66 91 12 42 45 30 5 44 91 65 66 40 5 27 5 42 5 50 64 9 44 91 42 94 39 47 90 27 8 91 2 40 51 50 65 12 63 47 83 98 62 39 62 99 52 38 19 62 9 40 88 2 47 27 63 50 63 12 91 64 73 63 27 91 73 78 54 74 83 73 66 66 54 30 98 39 44 50 38 42 72 73 52 19 5 39 27 50 66 5 47 62 44 62 8 64 39 98 78 2 74 94 39 30 8 99 47 64 27 63 2 90 9 54 74 72 98 64 45 45 78 44 5 94 62 5 90 19 27 5 51 50 5 19 19 78 2 50 27 65 47 72 45 9 8 38 27 27 8 50 42 12 54 98 42 66 61 66 64 38 72 12 90 66 5 47 91 2 98 78 73 98 27 62 50 27 52 27 65 66 30 99 63 39 50 52 52 19 30 44 52 91 88 39 51 47 99 50 51 65 5 73 65 54 72 19 5 44 62 52 38 47 27 66 90 72 61 52 5 50 5 83 98 94 62 50 12 19 39 42 27 45 61 98 88 98 90 99 74 88 47 99 40 52 44 27 5 73 19 27 73 27 51 72 45 42 99 50 39 44 72 83 19 12 64 50 19 12 39 54 98 91 27 27 44 9 94 61 64 73 90 5 65 74 2 94 50 52 65 50 51 90 72 50 91 61 27 72 47 2 50 45 39 51 45 8 47 50 42 91 73 62 47 99 99 78 42 40 50 44 39 2 66 50 30 98 98 63 44 51 88 51 98 12 73 91 2 52 47 52 47 2 19 91 94 42 91 27 47 88 47 8 51 30 72 99 42 74 38 2 39 52 9 90 66 27 44 91 19 39 39 40 19 61 88 65 66 19 91 45 2 64 51 66 27 98 73 50 39 42 47 27 12 5 19 42 47 8 2 2 39 94 39 66 73 47 62 78 62 2 12 88 91 78 2 72 27 66 74 5 12 62 44 38 99 27 90 99 27 54 2 27 62 42 47 27 50 72 91 66 47 39 78 63 66 39 99
32718 888 40590 3254 118
5000
21 82 66 82 32 83 52 55 23 80 69 63 82 100 16 3 28 90 69 25 66 46 72 77 61 82 77 82 80 82 54 100 6 45 21 82 77 72 6 6 5 80 6 82 77 83 90 72 69 72 16 9 82 81 25 61 8 80 83 92 55 3 54 83 23 3 49 100 5 36 16 70 46 36 9 25 90 56 28 21 83 23 16 83 61 8 90 28 28 77 46 21 72 8 56 16 61 82 83 77 100 63 46 52 90 82 82 6 82 32 8 5 77 80 82 90 72 82 80 54 49 46 6 1 82 66 8 16 46 92 6 28 36 6 46 77 45 36 3 5 66 82 83 6 6 82 6 77 46 6 77 69 28 70 55 83 49 6 92 72 1 25 80 77 16 55 9 45 6 83 6 1 55 5 66 80 80 82 70 100 3 82 83 82 36 49 82 1 21 46 90 77 82 56 82 70 82 92 90 52 63 6 66 25 8 80 77 6 69 72 1 63 5 6 55 61 66 23 6 52 32 6 63 3 72 9 3 5 55 61 21 6 77 83 36 80 61 56 82 80 36 80 82 92 32 49 36 54 72 5 21 82 82 25 81 92 46 72 82 80 1 70 82 6 25 6 6 23 54 80 80 25 25 82 83 16 83 16 25 52 90 23 8 6 6 72 54 46 49 54 72 63 82 72 9 28 77 5 82 54 46 6 100 56 32 55 52 5 25 5 56 72 81 3 16 3 77 82 25 1 23 82 82 55 1 80 6 45 45 82 92 82 83 6 61 69 36 46 77 32 82 25 72 6 21 9 61 63 72 83 52 52 1 8 54 46 92 8 56 81 6 83 90 55 72 82 46 6 6 77 66 82 28 80 25 52 21 90 83 5 82 23 72 82 90 46 25 66 82 9 5 83 1 82 25 72 49 70 56 80 25 6 23 83 28 83 77 8 32 82 6 70 55 46 23 70 92 55 82 80 6 6 36 82 55 46 72 45 52 100 61 16 16 45 90 81 90 70 61 72 82 46 5 82 70 36 83 16 77 82 72 82 83 72 8 90 100 23 83 70 36 46 81 66 77 36 81 6 72 6 66 6 54 77 16 5 3 9 72 69 92 54 52 32 70 72 63 70 52 55 72 70 81 25 90 6 25 5 46 6 45 72 1 61 90 46 45 72 69 72 1 3 8 36 16 92 82 90 45 6 77 52 90 77 82 82 82 72 77 6 92 66 90 56 90 32 52 36 80 82 6 77 6 55 5 36 8 46 72 72 52 66 25 77 63 52 92 83 69 54 6 80 63 63 52 45 9 81 72 82 82 9 6 6 23 16 52 82 52 3 82 70 80 82 82 69 52 23 90 6 100 56 52 49 70 90 49 72 82 36 61 52 56 6 90 90 82 82 54 80 63 8 23 61 63 80 9 8 6 3 56 46 6 77 49 83 6 82 56 36 80 72 3 63 83 52 80 54 83 82 54 82 6 61 82 28 25 69 46 100 21 66 56 82 100 1 23 6 45 3 61 46 82 52 6 82 6 52 82 28 92 81 28 49 25 5 6 5 80 25 8 5 21 69 9 28 52 66 66 92 5 77 16 82 82 32 72 90 90 6 25 63 6 25 9 83 9 6 46 21 1 80 80 83 49 90 63 83 8 25 6 52 6 55 49 72 72 16 82 49 82 23 56 45 28 81 81 83 1 6 5 28 25 61 52 100 25 77 3 52 56 9 82 90 52 25 82 72 80 25 90 72 25 45 80 80 66 52 82 72 61 46 28 45 70 56 6 82 6 6 92 82 28 90 72 81 1 82 82 54 83 63 6 72 6 66 83 70 61 6 21 46 83 25 6 28 70 55 46 82 63 82 8 82 16 3 1 1 81 80 46 46 82 77 25 83 83 81 90 80 63 70 16 80 90 6 66 82 54 82 49 61 3 5 77 23 1 46 46 90 49 90 56 5 46 82 32 80 6 1 6 46 6 5 16 9 77 66 6 49 66 70 54 63 46 72 36 82 72 100 6 23 90 25 8 100 6 56 49 69 82 63 82 82 46 83 49 77 82 66 23 52 25 46 36 25 83 82 69 6 72 80 46 32 28 3 56 55 72 100 82 25 3 77 21 52 8 56 82 100 92 52 63 36 5 45 6 63 92 69 72 80 49 82 32 46 9 46 72 32 90 52 82 83 90 36 55 72 69 70 77 72 83 69 5 1 80 45 83 52 9 46 6 72 36 80 92 69 77 25 23 69 100 70 25 83 90 90 80 23 32 21 1 81 45 83 83 23 45 16 100 92 36 82 72 23 6 72 69 28 21 54 5 56 23 25 52 90 81 61 9 100 6 72 56 82 8 52 72 36 6 23 21 82 80 52 92 70 72 9 72 6 6 83 28 82 46 46 54 9 3 69 90 83 100 45 82 5 83 70 9 80 52 72 72 21 21 92 6 77 70 25 23 82 25 49 52 56 82 100 6 54 90 3 23 8 1 63 9 54 5 46 92 82 32 72 6 77 69 21 82 82 61 82 72 9 70 82 77 82 72 92 49 90 49 80 61 46 9 55 66 82 72 5 25 80 100 80 63 5 21 21 46 81 49 83 23 8 25 92 25 21 81 25 32 25 46 3 83 25 6 54 63 6 25 8 83 6 82 3 21 66 55 25 82 28 69 80 45 49 66 80 5 77 6 90 21 23 52 46 92 23 81 72 3 90 77 83 72 54 25 72 83 5 66 25 77 45 23 6 90 80 63 5 90 80 82 72 72 72 6 92 5 55 6 80 52 82 46 3 66 100 6 32 28 16 54 23 82 82 36 82 6 3 6 8 32 83 16 46 80 82 6 8 32 6 3 90 49 55 5 83 61 66 5 81 6 6 70 72 32 21 92 25 46 54 9 81 28 80 90 82 90 63 36 70 5 21 90 72 32 56 82 83 23 82 52 90 63 90 6 56 77 6 6 66 5 46 70 90 49 52 82 9 70 82 23 6 46 82 1 3 55 1 16 16 70 81 25 6 54 56 80 77 77 72 56 82 82 25 82 49 21 77 61 81 36 32 82 69 6 63 83 72 3 52 1 52 36 83 72 16 46 82 72 83 25 6 90 72 45 6 55 70 1 66 8 54 46 52 61 83 82 9 25 80 82 82 92 83 5 25 82 80 82 6 82 82 82 5 25 66 80 52 9 61 72 21 72 82 45 6 72 25 32 82 28 45 77 46 90 25 32 70 6 8 32 82 6 3 3 56 61 70 25 28 36 77 1 83 28 6 100 80 61 69 77 52 82 82 32 90 82 36 46 77 46 92 46 5 46 9 90 25 3 3 6 9 100 72 1 80 82 1 82 25 82 72 9 90 72 70 25 52 81 90 82 6 82 82 83 66 6 16 32 1 90 52 82 72 6 82 49 82 63 23 61 82 46 81 61 49 56 5 90 54 45 32 54 72 80 9 55 46 16 66 69 82 16 63 80 54 6 25 72 16 8 52 9 1 3 1 6 45 6 25 3 23 6 49 25 63 8 82 49 6 5 8 54 92 21 80 100 92 25 83 6 49 69 66 21 66 83 70 6 82 9 52 52 83 83 46 52 32 8 46 36 82 3 66 1 52 6 70 32 46 3 55 61 36 81 72 77 82 6 45 23 61 72 46 25 52 46 9 46 55 6 80 46 72 66 80 25 45 83 82 9 6 25 83 21 46 6 80 25 80 90 1 9 100 45 5 72 9 23 49 82 1 23 3 56 23 69 80 6 63 82 69 69 72 52 66 80 25 54 90 70 55 61 28 25 83 82 82 45 6 9 45 66 100 46 46 23 77 82 49 81 8 46 66 72 23 90 45 81 72 32 36 82 92 69 72 77 82 32 28 55 46 82 25 28 61 56 100 90 72 90 72 25 21 77 32 80 8 80 25 82 90 5 54 66 46 83 6 72 82 6 56 80 69 36 83 77 9 82 72 6 8 82 54 1 82 55 8 82 90 90 25 82 23 82 90 82 77 28 46 6 9 45 70 25 80 6 90 81 80 21 82 82 54 5 90 6 54 25 90 6 72 82 100 56 25 92 72 82 54 77 77 69 6 6 83 82 82 61 28 9 46 52 49 100 69 6 90 36 69 83 32 66 46 92 72 61 70 16 56 25 9 21 77 52 6 90 6 80 25 80 90 90 82 90 90 82 80 6 63 54 23 92 82 52 63 82 82 61 6 45 72 82 46 49 52 80 9 90 77 83 55 69 5 36 45 52 66 70 25 69 70 9 63 77 90 46 77 77 55 8 54 92 56 70 82 83 25 45 81 70 1 92 77 9 45 25 45 90 8 28 90 52 83 54 90 56 25 72 54 6 77 69 45 82 16 1 80 45 36 82 82 82 6 16 77 83 45 77 61 21 70 90 6 32 63 56 77 82 82 100 6 77 69 70 80 9 36 52 82 77 36 32 28 72 61 92 6 25 83 81 70 90 82 55 72 25 46 6 54 46 9 92 61 90 21 82 55 25 77 8 63 52 63 92 100 49 82 1 25 52 80 55 54 6 63 92 72 32 90 77 9 28 6 80 83 21 49 90 56 8 23 70 45 55 55 82 56 81 90 77 6 54 83 82 90 80 32 25 45 63 25 77 100 6 90 82 80 46 100 70 25 100 66 82 82 46 9 54 77 46 23 32 80 6 16 72 6 36 8 6 83 81 36 77 80 69 82 100 81 72 82 3 1 82 16 25 77 72 63 56 82 80 66 61 36 8 21 77 28 82 82 6 54 66 83 6 77 49 28 6 6 66 82 21 16 72 16 49 80 6 21 69 6 16 80 55 45 56 80 52 72 83 72 80 69 61 23 90 72 6 56 82 69 28 21 90 92 100 6 9 46 52 82 25 77 77 92 90 80 49 72 9 45 82 45 56 36 80 83 69 52 90 52 70 52 70 90 46 3 9 46 92 28 63 72 77 77 16 66 49 100 6 92 92 82 82 49 55 72 56 8 83 82 82 77 52 8 77 72 52 70 66 72 21 77 36 83 45 83 6 6 100 72 72 3 6 1 82 52 72 82 82 92 66 46 45 6 25 72 72 6 90 6 82 6 90 80 55 61 90 25 90 6 92 69 82 52 72 32 66 56 16 55 56 45 77 1 82 77 3 100 28 72 82 25 82 54 82 82 6 82 6 83 66 5 82 77 45 5 77 56 77 6 77 1 46 45 61 16 32 32 8 61 25 6 63 82 66 72 23 77 25 80 9 6 45 25 6 77 36 52 46 72 36 49 25 25 25 23 80 81 32 56 72 70 49 5 92 72 77 23 77 82 72 77 83 52 52 100 72 82 72 28 81 82 90 16 83 90 82 61 72 90 21 16 70 52 100 21 82 90 5 56 81 80 82 72 82 23 81 28 72 69 61 69 32 77 16 6 16 63 80 61 83 82 83 46 61 25 72 23 36 8 36 92 46 25 16 28 8 46 52 21 3 45 54 72 32 82 6 82 69 55 1 28 21 70 72 82 72 72 32 28 45 46 45 82 6 23 8 82 69 32 92 46 69 80 8 81 52 77 46 54 5 32 70 82 9 5 6 83 23 6 81 54 56 72 72 81 70 83 82 72 70 6 36 52 92 72 6 1 9 54 61 46 56 25 6 28 80 3 82 46 82 23 81 63 92 21 61 77 82 82 32 80 21 32 81 82 6 69 16 72 21 3 3 55 83 83 72 66 6 81 52 61 6 8 52 25 9 82 23 83 83 3 72 77 21 55 82 52 28 80 72 6 5 16 49 69 46 36 82 3 28 3 77 45 25 63 83 46 6 72 23 54 66 82 77 90 80 77 63 46 6 1 55 90 82 83 8 1 6 1 83 81 6 1 25 90 72 70 82 36 25 23 16 1 61 9 28 49 49 21 69 92 56 82 32 6 6 83 5 45 56 82 82 100 23 52 36 21 6 82 82 82 72 90 90 6 63 55 82 83 77 82 82 8 52 1 8 5 6 52 16 46 56 25 36 6 61 63 25 23 80 36 82 90 6 25 77 6 82 72 36 83 25 45 6 3 72 3 77 70 6 52 23 52 32 25 83 3 8 46 72 46 52 80 6 80 83 82 46 90 1 52 80 52 90 54 80 82 82 6 5 70 46 52 69 28 45 46 70 72 63 32 6 25 54 52 56 80 81 25 63 100 54 72 80 82 6 49 72 83 81 77 77 46 23 82 6 6 21 80 52 83 72 1 23 55 72 100 72 83 6 80 72 69 72 66 23 82 16 25 66 92 56 25 28 70 77 92 56 82 52 21 23 80 16 80 83 28 52 56 46 82 82 82 25 6 54 90 9 6 46 83 6 45 25 1 83 16 83 54 82 56 77 6 32 82 49 6 82 6 21 56 56 72 80 46 45 82 69 83 72 66 77 32 9 8 83 25 83 82 6 9 82 23 82 23 52 6 6 6 8 72 25 45 83 6 72 36 56 80 69 63 36 28 82 82 80 8 54 72 21 6 8 80 72 3 90 82 9 49 1 1 72 70 25 80 52 82 46 1 45 55 72 77 9 8 52 6 82 100 45 81 72 77 72 80 77 36 25 55 72 82 55 83 72 49 61 83 82 72 21 82 6 25 56 66 23 16 69 92 23 90 55 100 8 6 36 66 81 81 83 80 6 6 54 46 3 36 61 55 46 36 90 77 66 92 81 52 82 55 69 72 92 8 72 6 21 46 49 46 46 52 28 77 25 56 25 21 46 52 16 36 82 77 1 82 52 16 6 5 52 52 6 82 16 3 77 3 6 77 55 23 80 25 52 81 77 63 90 54 5 82 69 80 83 28 5 16 80 100 83 77 69 82 6 100 36 52 6 52 1 1 25 46 16 21 9 82 63 80 82 80 63 52 61 90 81 82 69 100 82 82 3 32 52 55 52 56 69 80 82 69 63 25 52 81 6 72 1 83 80 52 66 82 52 80 55 90 90 70 100 6 6 46 16 83 9 82 90 56 66 52 54 49 63 5 25 90 32 80 83 6 90 45 5 80 77 25 21 82 21 77 82 82 32 6 92 77 32 25 82 82 1 52 63 46 77 6 54 63 69 100 8 25 16 83 25 82 23 25 6 83 6 82 72 77 6 61 82 6 72 72 1 28 82 81 80 6 72 54 54 3 83 90 6 72 77 90 72 82 80 54 90 28 52 55 90 82 32 81 82 46 81 82 16 3 6 72 100 83 83 77 70 77 69 90 16 70 66 100 61 5 72 9 61 36 100 36 23 90 55 36 72 28 90 46 82 72 77 6 69 63 56 6 69 83 69 82 23 72 16 92 80 54 90 72 82 81 6 36 66 56 63 16 72 16 72 46 83 100 90 21 90 45 6 72 5 36 82 69 83 6 82 69 45 100 32 25 82 82 92 45 25 25 56 82 6 70 69 72 80 80 52 28 16 92 92 6 9 83 100 46 80 77 1 72 70 69 52 70 54 82 16 45 61 6 52 1 82 82 5 83 81 92 32 52 46 83 46 90 77 5 90 25 90 5 6 83 49 55 6 80 1 54 25 83 72 46 100 25 61 72 32 52 6 28 54 28 45 77 16 100 6 45 81 25 61 82 8 54 63 82 55 61 3 46 23 28 72 77 70 77 6 3 8 23 49 6 6 82 8 5 61 55 55 25 6 3 82 82 77 6 21 9 82 77 6 52 77 21 66 82 81 54 49 5 82 77 72 16 5 77 80 36 90 46 5 25 46 72 92 63 72 70 80 70 81 70 90 3 63 54 55 56 77 52 25 52 56 100 6 70 61 83 36 92 8 55 8 16 66 9 72 6 9 83 52 56 55 54 80 80 72 82 82 6 52 82 63 32 6 77 28 46 72 66 81 100 49 61 55 46 77 56 52 66 28 72 52 6 77 72 77 54 36 66 49 70 77 100 6 55 72 61 21 82 52 90 82 69 81 36 3 66 55 45 6 32 72 6 46 45 100 66 83 49 23 16 77 72 82 69 80 1 21 32 6 56 16 3 9 6 82 100 9 77 9 72 77 49 92 90 6 36 82 6 6 25 52 54 46 83 61 6 3 9 49 77 45 49 83 45 8 45 23 46 55 36 77 46 28 3 1 90 61 82 69 77 72 83 6 63 82 8 52 81 81 5 82 5 90 6 25 45 46 77 69 90 6 28 5 25 36 77 45 3 49 72 9 54 83 52 69 83 90 83 90 100 77 90 16 52 3 23 45 3 9 82 46 82 82 72 52 52 6 52 83 82 45 8 28 16 72 63 61 46 52 36 90 25 83 46 90 70 25 54 63 46 92 1 21 6 63 6 90 6 81 8 46 72 72 63 55 54 82 46 21 6 6 5 23 72 83 23 72 80 100 55 8 28 83 72 1 82 52 3 28 1 82 82 55 63 83 82 9 49 77 82 52 90 83 72 21 72 49 28 6 81 1 82 83 56 66 77 32 82 63 100 54 69 92 46 1 80 36 1 63 82 1 90 92 1 90 52 55 52 9 56 83 32 5 55 16 82 6 77 49 66 72 32 83 46 28 55 16 100 6 90 90 3 3 52 55 66 16 82 6 72 82 6 36 52 55 52 52 80 8 32 25 1 3 80 52 72 77 82 6 55 82 83 72 82 82 81 72 5 45 21 77 69 72 21 56 100 82 6 6 80 77 72 1 54 6 66 82 36 61 25 6 1 72 82 6 25 36 5 8 6 81 55 45 36 36 45 90 25 36 80 6 92 23 36 77 55 81 49 81 66 72 61 21 61 56 72 5 82 46 90 81 25 9 6 9 16 92 72 72 6 80 5 66 82 82 6 16 61 8 25 6 100 92 21 56 80 52 90 25 83 8 52 52 63 82 83 90 90 46 100 52 82 92 52 72 56 82 83 32 1 82 82 1 77 55 55 16 70 83 25 8 6 66 80 80 21 83 82 8 6 6 61 72 23 69 77 28 5 1 36 82 28 82 63 72 56 25 9 49 92 80 54 52 82 9 36 90 32 82 6 46 82 1 100 66 6 32 21 28 66 45 92 72 21 70 56 28 16 77 72 72 28 72 23 25 46 72 63 45 82 90 36 83 63 16 3 32 52 49 80 72 82 3 32 80 32 46 77 6 6 80 72 66 52 6 56 16 100 83 82 3 82 6 100 82 9 63 83 81 82 70 32 90 52 8 45 70 81 52 80 82 82 90 63 21 9 72 82 82 82 69 72 80 69 23 46 6 46 77 55 81 72 70 32 21 8 54 3 77 55 6 80 66 6 81 6 1 46 100 82 21 72 46 83 8 80 46 81 90 77 6 25 52 1 28 82 36 82 49 77 90 61 82 52 56 1 21 6 6 6 66 72 69 3 54 83 83 49 8 70 6 1 82 28 72 92 83 69 82 82 9 81 80 83 80 5 1 81 80 3 82 23 72 80 82 36 52 45 49 82 72 25 82 52 77 82 90 21 45 28 82 81 72 77 90 70 80 82 46 46 56 83 92 49 82 90 70 46 6 77 72 100 46 77 82 70 49 25 25 5 69 77 5 82 32 6 80 9 92 9 6 3 9 49 56 80 6 80 72 46 52 46 56 82 72 52 6 6 1 63 82 80 6 46 1 61 25 46 25 100 56 56 32 46 90 83 5 3 6 80 82 80 52 100 80 82 90 28 66 63 83 82 21 21 49 82 52 61 83 63 6 69 54 82 55 56 28 3 52 54 6 69 100 46 3 23 6 21 82 45 6 46 28 32 9 5 82 81 5 6 61 52 66 63 81 81 32 77 56 45 72 90 21 83 63 46 49 82 1 49 32 49 25 80 61 6 82 6 80 82 90 82 1 6 83 6 54 25 83 90 63 23 83 66 49 32 61 81 52 32 100 55 6 46 5 83 28 28 32 80 72 77 49 52 21 72 82 92 25 6 1 63 23 6 25 70 80 100 46 28 49 55 66 6 82 63 6 72 8 52 52 81 3 6 56 45 6 6 25 23 8 32 16 82 83 70 25 82 46 82 72 46 83 52 82 36 82 77 69 23 55 82 61 70 55 25 81 3 9 80 16 90 82 83 90 61 77 83 92 63 52 28 21 32 77 72 61 23 56 54 3 82 81 45 46 82 49 77 6 77 72 72 21 52 46 25 90 9 52 5 56 72 46 9 83 25 72 80 55 61 6 28 21 70 82 32 9 100 77 46 23 6 32 92 90 66 3 1 92 25 82 8 5 25 8 72 9 61 69 72 72 9 70 77 100 25 46 80 49 70 82 5 81 72 92 1 80 46 9 25 6 55 6 82 32 90 6 80 8 82 6 100 92 56 70 6 23 52 32 77 100 54 46 1 66 82 82 1 52 63 69 52 8 49 56 82 6 54 16 83 52 3 8 21 83 100 3 3 72 82 28 90 6 8 72 80 25 80 8 69 9 25 52 3 90 82 52 6 21 21 81 49 6 72 28 21 72 80 100 70 16 66 70 61 55 46 90 63 81 80 70 32 81 3 72 66 81 6 100 82 52 70 28 90 16 77 46 80 61 55 82 80 32 46 100 6 52 77 80 23 82 54 5 82 16 82 25 82 6 6 55 69 28 82 54 90 82 25 6 6 82 83 90 6 90 83 16 23 6 92 77 92 66 69 46 81 81 82 82 63 6 1 77 61 92 52 82 16 90 36 61 8 6 25 32 46 36 82 90 32 82 72 6 46 49 25 83 63 77 92 90 32 83 72 61 100 8 6 92 23 16 23 6 72 28 63 66 52 8 100 72 82 46 80 55 36 77 46 52 66 82 83 28 6 36 82 32 82 52 5 46 16 66 52 81 61 45 6 82 21 6 90 49 9 8 46 82 72 72 92 80 72 66 5 83 3 25 36 23 25 82 100 82 8 90 92 63 45 16 52 3 63 25 69 82 80 54 21 56 66 100 72 1 69 54 25 90 52 6 6 80 72 3 83 70 28 82 46 72 52 6 82 66 56 80 72 46 72 36 80 69 69 6 23 52 6 100 5 81 80 82 72 92 72 25 82 90 72 49 90 69 72 6 52 21 45 25 83 6 80 54 28 45 49 77 66 52 25 55 82 61 72 92 61 46 77 49 6 46 82 77 82 92 6 28 61 6 52 49 49 3 77 83 82 32 6 49 28 49 28 82 77 61 90 8 82 28 45 49 82 9 80 5 61 8 54 82 3 72 70 25 83 23 72 92 16 92 80 81 49 77 72 46 54 90 8 25 81 45 36 54 21 63 54 6 82 6 100 49 90 80 72 5 83 46 46 55 55 82 82 6 83 36 82 82 16 6 69 82 52 63 46 21 16 8 83 61 28 72 82 3 90 92 36 77 45 6 82 72 54 82 100 5 55 56 6 100 25 63 16 100 72
67600 156240 4928 18315 3329
