7 74 1 18
18
55 56 43 9
1 12 35 71
4 16 54 18
54 23 11 52
11 37 34 71
62 43 92 37
68 32 57 86
19 40 29 35
86 97 50 42
56 92 94 60
31 39 96 29
49 97 92 30
47 16 69 62
9 18 100 95
64 62 4 55
19 78 36 47
43 30 26 19
19 51 94 83
82 5 9 4
35
43 26 26 19
32 81 72 14
53 91 74 11
2 58 0 41
55 91 14 88
3 97 83 69
24 99 34 19
81 84 72 46
34 55 4 21
14 59 40 28
40 97 15 71
35 77 53 46
82 4 64 53
82 12 80 98
27 3 78 69
5 34 33 13
28 24 15 38
57 29 12 57
79 56 70 8
24 43 60 79
18 87 12 9
3 50 40 31
13 16 24 83
83 25 42 55
4 98 36 67
98 39 81 38
0 64 87 14
83 35 29 78
88 3 80 96
70 65 94 5
19 7 58 3
15 86 83 85
56 35 94 96
12 49 46 21
56 57 11 6
81 8 6 5
9
21 75 20 75
28 50 90 70
19 84 64 86
15 33 42 86
45 34 70 68
65 35 26 42
63 72 13 19
54 27 83 5
36 70 80 58
1 51 42 6
11
91 28 8 82
56 87 92 33
31 86 50 94
16 29 36 53
25 24 49 99
51 56 86 44
86 12 44 41
30 50 99 36
19 69 5 74
15 30 73 21
20 58 46 15
62 1 33 4
18
87 52 37 96
15 41 31 37
8 44 52 53
6 94 98 69
42 29 63 63
3 24 0 1
69 90 16 51
8 57 5 24
52 19 60 52
86 22 65 95
31 30 43 89
72 7 22 2
19 77 19 73
93 71 12 51
24 48 43 82
29 83 13 44
99 86 29 71
79 37 5 52
99 1 0 0
35
16 49 69 20
84 6 56 11
70 34 50 61
62 70 81 44
40 8 79 100
79 100 13 39
30 39 87 33
87 100 99 65
46 6 20 25
42 64 93 48
77 12 94 78
48 13 79 95
21 61 36 77
62 77 80 95
78 68 87 73
69 25 56 64
45 94 13 60
11 32 70 11
97 33 77 35
14 38 17 88
49 77 92 50
20 62 39 15
65 93 81 85
8 14 17 48
78 47 15 80
57 87 72 23
55 67 69 61
4 83 72 26
62 12 80 67
86 43 66 48
2 40 28 36
74 99 3 25
66 74 53 67
56 32 98 100
15 10 81 17
84 6 4 6
6
66 48 59 77
88 93 46 3
53 80 5 73
85 14 45 78
11 59 97 54
58 27 80 84
70 3 26 1
5
53 88 1 89
86 81 61 13
69 88 34 58
76 25 88 100
58 49 30 13
54 38 2 6
18
45 48 24 84
79 83 83 28
85 3 26 53
65 79 84 96
6 16 81 43
36 11 92 95
63 3 98 97
88 37 41 68
67 43 15 2
8 63 18 82
45 80 22 9
69 13 79 35
63 88 56 31
99 88 4 27
97 88 30 70
62 3 59 31
58 45 96 71
56 26 57 3
73 25 0 2
11
12 60 94 81
37 88 81 35
59 78 23 73
62 32 84 39
52 2 69 3
77 23 50 47
4 60 69 96
35 9 53 26
35 16 39 68
53 50 94 99
51 51 22 1
