10
8 2 1 10 7 5 4 9 3 6 
10
6 1 3 5 2 7 9 10 8 4 
10
1 2 3 4 5 6 7 8 9 10 
100
99 25 11 74 1 100 43 71 77 20 83 12 18 33 94 17 40 14 64 48 2 61 73 95 86 90 51 80 98 4 54 75 58 27 39 21 23 93 30 63 24 10 29 34 89 91 76 42 88 22 85 26 52 46 49 97 6 47 60 5 28 82 79 70 65 66 87 8 36 72 68 15 3 67 84 96 31 69 13 38 81 35 16 55 41 44 37 45 32 19 53 62 50 78 7 56 57 92 9 59 
100
34 77 3 33 52 20 32 19 55 97 40 86 44 69 82 63 11 56 21 4 60 49 41 24 17 26 92 25 7 50 18 15 58 45 54 75 5 12 70 2 31 93 39 74 27 46 43 47 98 1 38 51 99 37 9 13 64 95 76 14 23 94 61 57 65 66 67 96 10 48 71 72 22 29 87 30 85 90 79 80 84 59 83 88 78 28 6 35 89 81 91 36 62 42 73 68 53 8 16 100 
100
1 2 3 4 5 6 7 9 8 10 11 12 13 14 15 90 17 18 19 97 21 22 23 33 25 26 59 28 29 30 43 32 24 34 35 36 37 38 39 40 41 42 31 44 45 83 47 48 49 50 51 52 53 54 55 56 57 58 99 60 61 62 63 64 65 66 87 68 69 70 71 72 73 74 75 76 77 78 79 80 81 82 46 84 85 86 67 100 89 16 91 92 93 94 95 96 20 98 27 88 
500
1 294 3 4 5 6 302 8 9 10 11 357 367 14 15 16 17 18 19 20 21 22 23 24 25 26 27 265 275 30 31 32 33 34 35 206 37 38 39 40 41 70 43 281 45 46 356 48 49 50 51 217 53 54 55 56 57 58 59 60 161 62 177 64 65 66 219 194 69 288 71 72 73 74 75 76 77 78 79 460 121 82 83 84 85 86 246 88 89 90 91 376 93 315 95 96 97 98 99 100 101 102 350 104 105 106 107 108 109 110 393 112 113 114 115 209 117 118 348 120 81 122 199 124 125 126 127 128 129 130 131 132 133 134 135 136 137 138 139 140 141 142 496 144 145 146 147 148 149 150 151 152 153 300 221 156 157 158 159 160 61 162 163 164 165 123 167 119 169 170 171 172 173 174 175 176 63 178 179 180 181 195 183 184 185 186 187 188 189 190 191 192 193 68 182 196 197 198 426 338 483 202 203 204 205 36 458 208 116 210 211 212 213 214 215 216 52 218 67 290 155 222 223 224 225 444 227 228 229 230 231 232 233 234 235 236 201 238 239 240 241 308 284 386 245 87 247 248 249 250 251 252 253 254 255 256 257 258 259 260 261 262 263 264 28 266 267 268 269 270 271 272 273 274 29 276 277 278 279 280 44 282 283 243 285 286 287 42 289 220 291 292 293 2 295 296 297 298 299 154 340 7 303 359 347 306 307 242 309 310 311 312 313 314 94 316 317 318 415 320 321 322 323 324 325 326 327 328 329 330 333 332 331 334 335 336 337 200 339 301 448 342 343 344 345 346 305 168 349 103 351 352 353 354 355 47 12 358 304 360 361 362 363 364 365 366 13 368 369 370 371 372 373 374 375 92 377 378 379 380 381 382 383 384 385 244 387 388 389 390 391 392 111 394 395 396 397 398 399 400 401 402 403 404 405 406 407 468 432 410 411 412 413 414 319 416 417 418 419 420 421 422 423 424 425 166 427 428 429 430 431 409 433 434 435 436 437 438 439 440 441 442 443 226 445 446 447 341 449 450 451 452 453 454 455 456 457 207 459 80 461 462 463 464 465 466 467 408 469 470 471 472 473 474 475 476 477 478 479 480 481 482 237 484 485 486 487 488 489 490 491 492 493 494 495 143 497 498 499 500 
1000
800 2 3 4 134 6 870 8 9 10 11 637 640 898 914 16 17 18 19 20 21 998 705 704 25 26 27 28 29 565 31 337 33 34 846 36 112 38 39 555 41 42 43 44 45 801 47 48 131 50 61 52 53 54 235 56 57 192 307 523 51 62 63 503 65 15 101 68 69 70 539 72 73 74 75 951 77 459 79 80 81 82 83 84 85 99 544 88 965 90 91 92 93 769 95 59 869 724 86 100 842 102 991 104 105 106 681 808 351 110 111 37 113 114 787 410 601 845 678 120 121 122 759 124 125 128 127 126 129 696 723 253 260 5 135 136 364 138 139 890 141 142 289 144 145 146 147 148 149 233 151 152 153 154 155 980 157 222 159 254 161 162 163 164 782 166 167 168 169 170 171 172 764 174 571 176 595 178 470 180 181 326 183 184 185 186 543 617 510 381 191 58 226 194 195 569 197 198 199 200 590 202 203 236 205 206 207 208 209 210 969 212 213 214 667 216 217 218 219 220 221 973 223 118 225 193 227 228 372 230 231 232 150 234 758 204 838 238 239 240 474 480 761 244 245 246 247 248 249 250 251 252 807 160 619 299 257 258 259 384 261 262 263 666 265 266 267 268 873 270 271 272 273 274 275 276 277 278 279 280 241 282 283 284 285 286 287 600 143 290 291 292 293 294 872 296 297 740 422 300 301 461 303 304 558 306 851 308 803 310 311 312 313 314 315 316 317 318 319 320 321 322 323 456 325 182 327 639 329 330 798 332 333 334 335 336 32 338 229 340 341 894 343 344 345 346 347 348 349 350 875 780 353 385 355 356 357 358 414 360 361 362 116 137 365 366 367 368 369 370 541 94 373 374 375 376 377 378 379 380 190 382 383 133 354 484 387 388 389 408 391 392 393 812 964 396 397 398 66 400 401 402 403 404 405 406 407 661 478 363 411 988 413 775 415 977 417 953 419 420 421 256 423 424 425 426 505 458 429 430 431 432 660 728 435 436 437 438 439 440 441 442 861 444 506 446 447 448 449 450 451 452 453 454 455 109 457 428 78 460 302 462 463 464 465 776 467 468 665 179 529 472 473 399 990 476 856 690 479 242 481 482 483 386 485 626 487 488 489 592 491 652 493 494 599 496 497 498 499 500 501 502 64 504 427 445 507 610 672 189 520 512 513 514 515 516 517 518 519 511 521 522 60 524 525 526 527 579 471 530 531 532 533 534 535 536 825 538 71 540 371 542 187 87 545 546 547 548 957 588 551 692 553 554 40 556 557 434 559 560 561 156 563 564 30 566 567 568 937 570 175 288 573 574 575 576 577 578 528 580 581 582 583 584 882 586 587 550 589 201 745 490 328 781 177 596 597 663 495 572 117 602 603 604 605 606 607 608 609 508 611 612 613 614 615 616 188 618 443 620 621 622 623 624 625 956 986 628 629 630 631 632 633 634 750 636 12 638 593 675 641 642 643 644 645 809 647 648 649 650 651 492 653 646 655 656 657 658 659 433 739 662 598 664 469 264 215 668 669 727 671 509 673 674 13 676 677 786 679 831 107 863 683 684 685 686 687 394 689 409 691 552 693 694 695 130 697 698 477 700 701 702 818 703 23 706 975 708 709 710 711 712 713 714 715 716 717 718 719 720 721 722 49 98 725 852 925 305 729 730 731 732 733 734 735 736 737 738 390 298 741 742 743 744 591 746 747 748 749 324 751 752 753 754 755 756 757 55 707 760 243 762 140 173 765 766 767 768 789 770 771 772 773 774 359 7 921 778 779 352 594 688 783 784 923 119 115 788 339 790 791 792 793 794 795 796 797 995 799 1 926 802 309 804 805 97 132 108 654 810 811 165 813 814 859 816 817 24 819 844 864 822 823 824 537 826 827 828 829 830 680 832 833 834 983 836 837 237 839 840 841 67 843 820 224 35 847 848 849 850 96 726 853 854 855 918 857 858 815 860 255 862 682 821 865 866 867 868 806 466 871 295 269 874 635 876 877 878 879 835 785 585 901 884 885 886 699 888 889 763 891 892 893 342 895 896 897 14 899 900 883 902 562 904 905 906 907 908 909 910 911 912 913 928 915 916 917 887 919 920 777 922 881 475 46 670 927 281 929 924 931 932 933 934 935 936 196 938 939 940 941 942 943 944 945 946 947 948 949 950 76 952 418 954 955 486 549 958 959 960 961 962 989 395 89 966 967 968 211 970 971 972 158 974 123 976 416 978 979 903 981 982 880 984 985 627 987 412 963 930 103 992 993 994 331 996 997 22 999 1000 
1000
1 2 3 4 5 6 7 8 9 10 546 12 13 594 15 16 17 274 19 20 21 446 23 24 25 26 27 28 769 30 31 32 33 893 35 108 37 38 39 193 41 42 43 44 45 46 927 48 49 50 51 52 53 54 55 56 57 58 59 60 888 62 63 64 273 247 67 68 69 70 910 72 73 74 75 76 77 499 79 80 81 82 83 84 85 785 87 88 89 90 91 92 93 94 95 96 97 98 99 100 101 102 103 104 105 106 107 444 109 209 111 966 935 114 115 116 117 118 119 120 121 122 123 124 125 126 127 128 129 740 131 132 133 134 135 136 212 138 139 140 141 142 143 567 145 146 147 148 149 150 151 152 713 154 155 156 157 158 159 160 161 162 493 419 165 166 167 168 476 170 644 36 173 174 175 569 177 178 179 180 181 182 183 184 185 186 187 439 189 190 191 192 40 645 542 196 197 516 199 200 201 202 203 204 205 206 207 208 110 210 211 665 213 214 215 216 810 218 219 198 222 78 223 224 225 226 227 228 229 230 231 232 233 234 235 240 237 238 239 236 241 242 243 244 245 246 66 248 249 250 251 252 253 254 255 256 257 258 259 451 261 262 597 264 265 266 267 268 269 694 271 345 65 18 275 276 277 278 279 280 281 282 283 284 285 286 287 288 289 290 291 292 293 294 295 470 297 298 299 300 301 302 303 304 305 306 307 798 172 310 311 571 313 314 315 316 317 318 319 11 321 322 323 324 325 326 327 328 329 330 331 332 680 334 335 336 337 338 339 340 341 342 343 344 272 346 347 348 349 586 351 352 353 827 355 356 357 358 1000 360 939 362 363 364 365 366 367 368 369 370 371 372 373 374 375 376 377 378 379 749 381 382 383 384 385 494 389 388 387 390 391 392 393 394 395 396 397 748 399 400 380 402 403 404 405 789 407 408 409 410 411 412 413 414 415 416 417 804 164 420 421 422 423 424 425 426 743 847 429 430 431 432 433 434 435 436 437 843 816 440 386 442 443 309 445 22 447 448 449 450 260 452 453 454 455 456 457 458 459 878 461 462 463 464 465 466 467 468 469 296 471 472 473 474 475 933 477 478 660 480 481 482 483 484 485 486 487 488 489 171 741 492 941 441 495 496 497 891 47 823 565 502 503 504 505 506 507 508 673 510 511 512 513 514 515 220 517 518 519 872 521 522 523 524 525 526 527 528 529 530 531 532 533 534 535 536 537 538 539 509 541 195 543 858 545 153 547 548 549 550 551 552 553 554 555 556 557 558 559 576 561 562 563 564 501 566 144 568 176 570 312 572 573 574 575 560 577 855 579 580 722 582 583 584 585 350 587 588 589 590 591 592 737 692 595 596 263 598 599 600 601 602 884 604 849 606 607 608 609 610 611 826 613 614 615 616 617 618 619 620 621 622 623 624 625 626 627 628 629 630 631 632 633 634 635 636 637 638 639 640 641 776 643 490 194 646 647 701 649 650 651 652 653 654 655 656 657 658 659 479 661 662 663 664 137 666 667 668 669 670 671 672 540 674 675 676 677 678 679 333 924 682 683 684 685 686 687 688 689 690 691 14 693 270 695 696 697 698 699 700 648 702 703 704 705 706 707 708 709 710 711 712 320 714 715 716 803 718 719 720 721 581 723 86 725 726 727 728 729 730 731 732 733 734 735 736 593 738 739 130 491 742 427 744 745 746 747 398 401 750 751 752 753 754 755 756 757 758 759 760 761 762 763 764 765 766 767 768 29 770 771 772 773 950 775 642 777 778 779 780 781 782 783 784 724 786 787 788 406 790 791 792 793 794 795 796 797 308 799 800 801 867 717 418 805 806 807 808 809 217 811 812 813 814 815 188 817 818 819 820 881 972 500 824 825 612 354 828 829 830 831 832 833 834 835 836 837 838 839 840 841 886 438 844 845 846 428 848 605 850 851 852 853 854 578 856 857 544 859 860 861 862 863 864 865 866 802 868 869 870 871 520 873 874 875 876 877 460 879 894 821 882 883 603 885 842 887 61 889 890 498 892 34 880 895 896 897 898 899 900 901 902 903 904 905 945 907 908 909 71 911 912 913 914 915 916 917 918 919 920 921 922 923 681 925 926 221 928 929 930 931 932 169 934 113 936 937 938 361 940 163 942 943 944 906 946 947 948 949 774 951 952 953 954 955 956 957 958 959 960 961 962 963 964 965 112 967 968 969 970 971 822 973 974 975 976 977 978 979 980 981 982 983 984 985 986 987 988 989 990 991 992 993 994 995 996 997 998 999 359 
1000
1 2 3 4 5 6 7 8 9 10 11 12 13 14 15 16 17 18 19 20 21 22 23 24 25 26 27 28 29 30 31 32 33 34 35 36 37 38 39 40 41 42 43 44 45 46 47 48 49 50 51 52 53 54 55 56 57 58 59 60 61 62 63 64 65 66 67 68 69 70 71 72 73 74 75 76 77 78 79 80 81 82 83 84 85 86 87 88 89 90 91 92 93 94 183 96 97 98 99 100 101 102 103 104 105 106 107 108 109 110 111 112 113 114 115 116 117 118 119 120 121 122 123 124 125 126 127 128 129 130 131 132 133 134 135 136 137 138 139 140 141 142 143 144 145 146 147 148 149 150 151 152 153 154 155 156 157 158 159 160 161 162 163 164 165 166 167 168 169 170 171 172 173 174 175 176 177 178 179 180 181 182 95 184 185 186 187 188 189 190 191 192 193 194 195 196 197 198 199 200 201 622 203 204 205 206 207 208 209 210 211 212 213 214 215 216 217 218 219 220 221 222 223 224 225 226 227 228 229 230 231 232 233 234 235 236 237 238 239 240 241 242 243 244 245 246 247 248 249 250 251 252 253 254 255 256 257 258 259 260 261 262 263 264 265 266 267 268 269 270 271 272 273 274 275 276 277 278 279 280 281 282 283 284 285 286 287 288 289 290 291 292 293 294 295 296 297 298 299 300 301 302 303 304 305 306 307 308 309 310 311 312 313 314 315 316 317 318 319 320 321 322 323 324 325 326 327 328 329 330 331 332 333 334 335 336 337 338 339 340 527 342 343 814 345 346 347 348 349 350 351 352 353 354 355 356 357 358 359 360 361 362 363 364 365 366 367 368 369 370 371 372 373 374 375 376 377 378 379 380 381 382 383 384 385 386 387 388 865 390 391 392 393 394 395 396 397 398 399 400 401 402 403 404 405 406 407 408 409 410 411 412 413 414 415 416 417 418 419 420 421 422 423 424 425 426 427 428 429 430 431 432 695 434 435 436 437 438 439 440 441 442 443 444 445 446 447 448 449 450 517 452 453 454 455 456 457 458 459 460 461 462 463 464 465 466 467 468 469 470 471 472 473 474 475 476 477 745 479 480 481 482 483 484 485 486 487 488 489 490 491 492 493 494 495 496 497 498 499 500 501 502 503 504 505 506 507 508 509 510 511 512 513 514 515 516 451 518 519 520 521 522 523 524 525 526 341 528 529 530 531 532 533 534 535 536 537 538 539 540 541 542 543 544 545 546 547 548 549 550 551 552 553 554 555 556 557 558 559 560 561 562 563 564 565 566 567 568 569 570 571 572 573 574 575 576 577 578 579 580 581 582 583 584 585 586 587 588 589 590 591 592 593 594 595 596 597 598 599 600 601 602 603 604 605 606 607 608 609 610 611 612 613 614 615 616 617 618 619 620 621 202 623 624 625 626 627 628 629 630 631 632 633 634 635 636 637 638 639 640 641 642 643 644 645 646 647 648 649 650 651 652 653 654 655 656 657 658 659 660 661 662 663 664 665 666 667 668 669 670 671 672 673 674 675 676 677 678 679 680 681 682 683 684 685 686 687 688 689 690 691 692 935 694 433 696 697 698 699 700 701 702 703 704 705 706 707 708 709 710 711 712 713 714 715 716 717 718 719 720 721 722 723 724 725 726 727 728 729 730 731 732 733 734 735 736 737 738 739 740 741 742 743 744 478 746 747 748 749 750 751 752 753 754 755 756 757 758 759 760 761 762 763 764 765 766 767 768 769 770 771 772 773 774 775 776 777 778 779 780 781 782 783 784 785 786 787 788 789 790 791 792 793 794 795 796 797 798 799 800 801 802 803 804 805 806 807 808 809 810 811 812 813 344 815 816 817 818 819 820 821 822 823 824 825 826 827 828 829 830 831 832 833 834 835 836 837 838 839 840 841 842 843 844 845 846 847 848 849 850 851 852 853 854 855 856 857 858 859 860 861 862 863 864 389 866 867 868 869 870 871 872 873 874 875 876 877 878 879 880 881 882 883 884 885 886 887 888 889 890 891 892 893 894 895 896 897 898 899 900 901 902 903 904 905 906 907 908 969 910 911 912 913 914 915 916 917 918 919 920 921 922 923 924 925 926 927 928 929 930 931 932 933 934 693 936 937 938 939 940 941 942 943 944 945 946 947 948 949 950 951 952 953 954 955 956 957 958 959 960 961 962 963 964 965 966 967 968 909 970 971 972 973 974 975 976 977 978 979 980 981 982 983 984 985 986 987 988 989 990 991 992 993 994 995 996 997 998 999 1000 
