25 16 47 12
21
95 71 12 41
65 14 4 82
91 27 25 92
55 46 36 8
37 19 44 17
93 26 57 65
91 88 89 24
47 45 99 59
11 86 27 72
13 29 42 86
58 66 47 55
18 41 97 96
94 37 55 80
51 27 23 11
19 41 78 68
81 19 44 77
80 23 56 43
35 36 94 75
10 55 16 77
72 24 15 96
89 34 84 85
89 8 1 2
18
14 71 37 28
76 91 2 60
32 12 51 87
32 54 85 44
37 79 96 7
41 11 50 19
14 99 72 79
70 64 5 15
69 98 96 12
25 90 49 5
57 87 73 25
30 74 66 59
27 83 33 34
25 20 67 69
88 99 24 51
42 44 42 100
9 13 73 4
54 18 0 25
26 28 43 3
31
96 48 93 25
13 67 65 0
87 27 0 94
70 15 44 96
34 9 53 70
33 89 51 17
28 92 3 0
84 32 9 84
51 48 29 46
35 80 27 17
81 82 24 71
52 15 78 5
67 83 22 69
20 61 21 70
30 62 59 9
53 77 72 81
47 79 60 69
9 42 38 4
83 83 22 16
90 4 12 36
63 75 11 0
18 41 87 80
29 4 41 87
80 20 48 32
80 62 10 36
25 17 56 7
92 57 10 37
54 83 40 3
15 41 83 38
43 51 82 34
91 16 79 64
47 53 0 0
28
54 23 28 5
47 84 86 80
83 14 99 72
78 32 19 12
70 83 27 31
92 53 89 87
34 18 87 10
2 10 75 93
15 19 0 89
55 22 98 58
81 73 43 82
28 31 62 97
36 60 30 10
51 45 46 92
39 58 23 27
40 72 69 72
56 74 47 70
33 48 87 25
52 98 71 62
60 60 29 48
14 94 56 48
58 20 23 10
32 82 72 28
15 95 4 20
29 38 29 90
47 44 59 100
34 13 15 19
35 81 26 3
98 0 0 2
13
72 41 35 18
91 86 76 52
0 96 58 98
38 5 90 49
87 68 11 82
62 92 68 44
84 93 50 71
35 44 35 67
65 41 49 30
81 16 61 60
80 27 27 29
89 96 29 22
76 32 83 64
30 5 49 16
31
53 17 25 38
1 14 49 60
5 50 2 60
4 59 65 43
16 42 50 74
7 65 48 5
5 93 25 70
37 17 45 29
96 3 5 31
32 12 5 71
37 59 7 25
27 1 73 53
42 36 85 76
38 6 24 53
65 90 74 50
88 68 56 4
24 4 86 71
5 60 70 53
57 20 73 3
16 52 8 81
78 99 90 75
88 54 25 62
23 33 59 41
35 19 92 19
15 30 2 39
15 64 25 54
74 12 41 82
75 60 45 53
32 68 40 2
63 78 11 84
59 42 60 5
46 4 10 40
14
65 4 53 8
41 31 77 78
60 43 2 28
37 19 33 39
60 37 67 54
52 95 51 34
87 33 46 58
9 34 36 1
90 91 95 11
66 43 0 95
17 72 42 38
24 29 30 59
61 98 19 67
21 60 83 16
65 23 8 4
34
59 28 59 83
97 83 64 45
47 100 86 0
55 15 51 7
83 58 81 73
0 10 92 42
52 50 21 99
6 65 59 15
74 77 56 94
60 69 40 33
55 24 30 60
79 3 78 93
60 90 80 38
6 91 68 88
31 39 80 7
16 56 50 54
29 29 24 28
77 90 76 63
62 83 50 6
17 24 31 97
68 68 32 92
76 83 8 32
62 17 79 26
26 51 87 16
40 11 52 17
42 75 96 48
43 18 37 85
59 60 39 71
97 70 0 32
21 2 82 43
43 22 26 2
31 60 1 97
50 99 20 62
53 57 20 21
47 14 26 13
18
13 43 52 29
32 0 74 24
89 72 42 65
19 100 81 0
14 99 22 7
35 78 42 23
82 39 51 61
26 56 28 50
39 35 84 70
21 25 81 95
48 43 12 9
31 84 41 73
55 22 46 24
62 46 21 83
63 88 66 16
98 41 31 11
33 79 0 13
29 64 48 85
88 2 2 8
15
20 23 73 76
30 37 71 80
86 18 25 92
86 27 100 92
42 88 47 82
82 76 57 53
35 60 82 98
3 72 45 7
12 71 73 29
17 49 95 58
96 99 45 59
51 32 47 82
22 44 37 9
100 93 29 62
56 28 4 1
