10
3 10 7 1 4 8 2 6 9 5 
10
2 5 9 7 1 10 4 8 6 3 
10
8 2 1 4 5 6 7 3 9 10 
100
98 41 3 91 57 92 9 73 88 90 34 14 96 54 94 19 97 26 20 35 24 65 80 13 48 12 77 58 56 30 27 89 4 68 18 39 60 74 75 33 53 83 25 78 69 72 71 40 86 45 61 22 76 17 23 87 43 6 59 1 28 70 63 2 81 51 36 10 37 46 5 52 84 7 64 66 15 38 8 62 42 95 11 82 85 21 99 93 100 55 44 31 29 32 50 67 16 47 49 79 
100
30 5 39 2 97 70 24 89 81 19 11 12 51 14 38 20 65 88 28 41 49 36 64 53 55 62 85 87 13 7 26 32 33 43 10 71 21 31 35 40 47 15 96 48 74 46 44 42 56 63 50 75 61 59 98 45 57 79 78 91 67 4 93 27 22 100 25 16 90 68 72 69 84 58 92 9 52 1 23 80 6 82 17 77 18 76 29 86 37 3 34 54 83 94 95 60 73 8 99 66 
100
1 2 3 4 5 6 7 100 9 56 11 12 13 14 15 87 17 64 19 20 21 22 23 24 25 26 27 28 29 30 39 32 33 34 36 35 37 38 31 40 41 42 43 44 45 46 47 48 49 50 51 52 53 55 54 10 76 58 59 60 61 62 63 18 65 66 67 68 69 70 71 72 73 78 75 93 77 74 79 80 81 82 83 84 85 86 16 88 89 90 91 92 57 94 95 96 97 98 99 8 
500
1 484 3 4 5 6 7 8 9 10 11 488 105 14 444 16 17 18 19 20 21 22 23 339 25 26 297 28 29 30 31 32 434 34 35 36 37 38 39 40 41 42 43 44 301 46 47 48 49 50 51 52 53 54 55 56 57 58 59 60 61 62 63 64 65 66 67 68 69 119 71 72 141 466 75 76 77 78 79 80 81 82 83 84 495 86 87 88 477 90 91 242 93 94 95 96 97 98 99 100 101 102 103 104 13 106 107 108 412 110 111 112 332 114 115 116 117 118 194 120 121 122 123 343 125 126 127 128 129 130 386 132 240 134 135 226 137 138 139 140 425 142 143 144 145 146 147 148 149 150 454 152 153 154 241 156 157 158 159 160 161 162 163 164 165 461 167 168 169 170 171 172 173 174 204 176 12 178 374 296 181 182 183 184 185 186 187 188 378 190 191 192 193 70 195 196 197 198 199 200 201 202 203 175 205 206 207 208 209 210 211 212 213 214 215 216 342 218 219 220 221 222 223 224 225 136 299 228 428 230 231 232 277 234 235 236 237 238 239 133 155 92 257 244 245 246 247 248 249 250 251 252 253 254 255 256 243 258 259 260 261 262 263 264 265 266 267 268 15 270 271 272 273 274 275 276 233 278 279 280 281 282 283 284 285 286 287 288 381 290 291 292 293 294 398 180 27 298 227 359 45 302 303 304 305 306 307 308 309 310 311 312 313 314 315 316 317 318 390 320 321 322 323 324 325 326 131 473 329 330 331 380 333 334 335 336 337 338 24 340 341 424 124 344 345 346 347 348 349 350 351 352 353 422 355 450 357 358 300 360 361 402 363 364 365 366 367 368 369 427 371 372 373 179 375 376 377 189 379 113 289 382 383 384 385 327 387 388 389 319 391 392 393 394 395 396 397 295 399 400 401 362 403 404 405 406 407 408 409 410 411 109 413 414 415 416 417 418 419 420 421 354 474 217 73 426 370 229 429 430 431 432 433 33 435 436 437 438 439 440 441 442 443 269 445 446 447 448 449 74 451 452 453 151 455 456 457 458 459 460 166 462 463 464 465 356 467 468 469 470 471 472 328 423 475 476 89 478 479 480 481 482 483 2 485 486 487 177 489 490 491 492 493 494 85 496 497 498 499 500 
1000
1 932 3 4 467 199 7 862 9 10 316 12 89 14 15 426 77 311 19 886 708 22 23 24 25 704 27 746 29 36 31 214 33 2 35 30 37 38 39 40 970 779 43 44 244 676 47 48 167 50 817 52 461 520 55 56 57 58 59 60 61 62 574 64 468 66 67 68 69 70 71 326 73 74 75 76 17 78 610 290 81 893 83 84 85 86 87 88 410 90 823 92 93 936 95 287 41 931 99 100 101 522 789 104 105 106 107 407 109 740 111 112 323 114 115 116 117 118 119 120 372 122 123 636 872 126 127 308 129 188 131 132 133 134 135 421 137 399 139 140 141 192 143 144 145 146 147 234 149 150 807 152 883 154 155 156 157 158 5 505 82 162 163 638 165 166 49 168 169 170 171 627 173 819 175 728 177 561 179 180 181 182 138 424 185 186 187 130 189 190 842 649 193 194 195 196 197 198 6 200 313 202 949 204 205 206 207 208 209 210 211 212 830 338 215 216 485 566 219 764 714 222 356 53 673 968 227 228 926 230 231 232 233 513 321 236 237 238 239 265 241 242 243 450 245 600 247 248 249 21 251 479 253 298 255 256 257 258 259 246 261 262 263 637 240 266 267 268 797 633 271 272 299 274 275 276 277 278 279 832 281 282 283 284 285 286 96 288 289 80 291 292 419 294 295 296 297 429 983 507 301 302 303 304 305 306 307 128 395 98 18 312 201 319 315 11 317 318 369 320 235 322 525 324 325 161 327 328 329 330 331 959 333 13 335 430 337 32 375 340 720 342 343 344 481 346 347 348 349 350 351 352 353 354 142 223 357 358 359 360 361 362 745 364 365 908 367 368 314 370 539 121 865 374 339 597 377 378 379 380 863 445 480 384 385 462 387 388 389 928 598 392 976 394 499 396 397 398 183 400 401 402 751 404 405 406 108 408 409 334 411 412 413 414 609 489 417 498 293 420 136 422 423 184 425 16 427 428 254 336 431 996 433 434 435 550 937 438 439 868 881 442 695 444 46 556 447 448 449 45 451 452 453 454 455 456 457 458 459 460 224 191 463 464 465 759 824 737 469 470 471 472 437 474 713 79 794 478 252 838 482 345 483 484 760 486 487 488 416 490 491 492 493 494 495 496 497 213 309 500 501 502 503 504 853 738 300 909 509 510 511 543 148 514 515 516 517 518 519 54 521 780 523 524 418 526 527 528 529 726 531 532 533 534 436 536 537 538 371 540 727 542 512 544 545 546 547 548 549 778 551 552 553 554 645 446 557 220 559 560 178 562 563 564 565 798 567 568 569 570 571 572 573 124 575 576 577 578 579 580 581 582 754 584 585 586 587 588 589 590 363 583 593 594 595 596 871 391 599 260 601 602 603 604 605 606 607 608 415 441 834 612 613 614 615 616 617 473 619 620 621 828 159 624 625 626 172 643 629 630 631 110 270 634 635 63 264 164 639 640 641 642 628 644 555 646 647 664 355 650 651 652 653 654 655 656 657 658 659 660 661 662 663 648 665 666 667 668 669 670 752 672 225 674 675 382 697 678 679 680 681 682 683 684 685 686 687 688 113 690 691 813 693 694 443 696 969 698 934 700 701 702 703 26 705 706 707 250 709 710 711 712 475 221 715 716 717 20 719 341 721 722 723 226 725 530 466 541 729 730 731 732 94 734 735 736 961 506 739 632 741 742 743 744 591 28 915 748 749 750 403 671 753 592 755 935 757 758 176 718 822 762 763 877 765 766 767 768 769 770 771 772 773 774 775 776 777 535 42 102 951 782 901 784 785 786 997 788 103 790 791 792 793 477 795 796 269 980 558 800 801 802 803 804 805 806 151 808 809 810 811 812 692 814 815 816 51 818 174 820 821 761 866 623 825 826 827 622 829 689 831 925 833 611 835 836 889 383 839 840 841 386 843 844 845 846 847 848 849 850 851 852 160 854 855 856 857 858 859 860 861 8 381 864 373 91 867 332 869 870 376 125 873 874 875 876 799 878 879 880 476 882 153 884 885 217 887 888 837 890 891 892 913 894 895 896 229 898 899 900 783 902 903 904 905 906 907 366 508 910 911 912 72 914 747 916 917 918 919 920 921 922 923 924 280 897 927 390 929 930 310 34 933 699 756 733 618 938 939 940 941 942 943 944 945 946 947 948 203 950 781 952 953 954 955 956 957 958 440 960 65 962 963 964 965 966 967 724 677 97 971 972 973 974 975 393 977 978 979 218 981 982 273 984 985 986 987 988 989 990 991 992 993 994 995 432 787 998 999 1000 
1000
1 2 3 4 943 540 7 8 9 10 725 12 13 14 15 16 17 18 19 20 762 22 23 86 25 343 27 523 29 30 31 32 111 34 35 36 37 38 39 40 41 42 43 44 45 46 47 48 49 50 51 52 806 54 55 56 57 58 59 60 709 62 726 64 65 66 67 68 69 563 71 72 73 74 75 76 77 78 79 80 81 82 83 84 85 24 797 88 265 90 91 92 93 94 95 96 97 98 99 100 101 102 103 104 105 106 107 108 109 329 33 112 113 114 115 629 844 118 119 120 121 449 123 124 125 169 127 128 129 577 346 132 133 134 135 136 137 138 542 140 141 142 143 144 145 146 147 148 149 150 151 152 672 126 155 156 157 158 159 160 161 590 163 164 165 166 167 168 154 170 171 172 173 174 175 176 177 949 179 180 181 942 183 184 348 186 187 188 189 882 191 192 193 194 534 196 197 198 199 200 201 202 203 204 205 206 207 208 209 210 211 212 213 214 215 216 832 218 219 220 221 222 223 494 225 226 227 228 229 230 231 877 233 234 235 236 237 238 430 240 241 863 243 244 245 246 247 248 249 250 251 252 253 254 347 256 257 258 259 260 261 262 263 264 89 266 267 268 269 465 271 272 273 274 275 369 277 278 279 739 276 282 283 284 285 286 287 698 289 290 866 292 293 533 295 530 297 298 299 300 511 572 303 304 305 306 307 308 309 423 311 312 313 314 315 483 317 318 242 897 321 322 961 324 325 326 327 328 110 330 331 332 333 334 335 336 337 627 339 532 341 342 26 344 345 349 255 622 131 350 623 352 353 354 355 356 357 358 359 360 361 362 363 364 761 439 367 368 281 370 371 372 373 374 745 376 377 378 379 380 381 382 554 384 385 319 398 539 389 390 391 392 393 394 395 396 397 387 399 400 401 402 403 404 405 406 407 408 409 410 411 412 413 414 415 416 417 418 419 420 421 968 310 820 425 426 427 428 429 239 431 432 433 434 435 436 437 438 865 440 694 442 443 444 445 446 447 448 676 450 451 452 453 454 455 456 457 458 459 460 874 462 463 464 178 466 467 468 469 470 471 472 473 474 475 476 477 478 479 963 481 482 316 484 485 486 487 488 489 490 491 492 493 224 612 496 497 498 723 500 501 660 503 504 505 506 824 508 509 510 301 512 513 514 515 516 517 908 519 520 955 522 28 524 525 526 527 528 529 296 531 340 735 195 535 536 537 538 388 6 541 139 543 628 545 546 547 548 549 550 852 552 553 383 555 556 557 558 559 560 561 562 70 564 933 911 567 568 569 720 571 302 573 574 575 576 130 578 579 580 581 582 583 584 585 586 587 588 589 162 591 592 593 594 595 596 597 598 599 600 601 602 603 604 605 606 607 608 609 610 611 495 613 614 787 616 617 656 619 620 621 985 351 624 625 626 338 544 116 630 631 632 633 634 635 636 637 638 639 640 641 642 643 644 645 646 647 648 649 650 651 652 653 856 655 618 657 658 659 502 661 662 663 664 665 666 925 668 669 670 671 153 673 674 675 122 677 678 679 680 892 682 288 684 685 686 687 688 689 690 691 692 693 872 903 696 697 683 699 700 701 702 703 704 705 706 707 751 61 710 711 712 713 714 715 716 717 718 719 570 721 722 499 724 11 63 727 728 729 730 731 732 733 741 294 736 737 738 280 740 734 742 743 744 375 746 747 748 749 750 708 752 753 754 755 756 757 924 759 760 365 21 763 764 765 766 767 768 769 770 771 772 773 774 775 776 777 778 779 780 781 782 783 784 785 786 615 788 789 790 791 792 793 794 795 796 87 798 799 800 801 802 803 804 805 53 807 808 809 810 811 812 813 814 815 816 817 818 819 424 821 822 823 507 825 826 827 828 829 830 831 217 833 834 835 836 837 838 839 840 841 842 843 117 845 846 847 848 849 850 851 551 853 854 855 654 857 858 859 860 861 862 386 864 366 291 867 868 869 870 871 441 944 939 875 876 232 878 879 880 881 190 883 884 885 886 887 888 889 954 681 891 893 894 895 896 320 898 899 900 901 902 695 904 905 906 907 518 909 910 566 912 913 667 915 916 917 918 919 920 921 922 923 758 914 926 927 928 929 930 931 932 565 934 935 936 937 938 461 940 941 182 5 873 945 946 947 948 270 950 951 952 953 890 521 956 957 958 959 960 323 962 480 964 965 966 967 422 969 970 971 972 973 974 975 976 977 978 979 980 981 982 983 984 185 986 987 988 989 990 991 992 993 994 995 996 997 998 999 1000 
1000
1 2 3 4 5 6 7 8 9 10 11 12 13 14 15 16 17 18 19 20 21 22 23 24 25 26 27 28 29 30 31 32 896 34 35 36 37 38 39 40 41 42 43 44 45 46 47 48 49 50 51 52 53 54 55 56 57 58 59 60 61 62 63 64 65 66 67 68 69 70 71 72 73 74 75 76 77 199 79 80 81 82 83 84 85 86 87 88 89 90 91 92 93 94 95 96 97 98 99 100 101 102 103 104 105 106 107 108 109 110 111 112 113 114 115 116 117 118 119 120 121 122 123 124 125 126 127 128 129 130 131 132 133 134 135 136 137 138 139 140 141 142 143 144 145 146 147 148 149 150 151 152 153 154 155 156 157 158 159 160 161 162 163 164 165 166 167 168 169 170 171 172 173 174 175 176 177 178 179 180 181 182 183 184 185 186 187 188 189 190 191 192 193 194 195 196 197 198 78 200 201 202 203 204 205 206 207 208 209 210 211 212 213 214 215 216 217 218 219 220 221 222 223 224 225 226 227 228 229 230 231 232 233 234 235 236 237 238 239 240 241 242 243 244 245 246 247 248 249 250 251 252 253 254 255 256 257 258 259 260 261 262 263 264 265 266 267 268 269 270 271 272 345 274 275 276 277 278 279 280 281 282 283 284 285 286 287 288 289 290 291 292 293 294 295 296 297 298 299 300 301 302 303 304 305 306 307 308 309 310 311 312 836 314 315 316 317 318 319 320 321 322 323 324 325 326 327 328 329 330 331 332 333 334 335 336 337 338 339 340 341 342 379 344 273 346 347 348 349 350 351 352 353 354 355 356 357 484 359 360 361 362 363 364 365 366 367 368 369 370 371 372 373 374 375 376 377 378 343 380 381 382 383 384 385 386 387 745 389 390 391 392 393 394 395 396 397 398 399 400 401 402 403 404 405 406 407 408 409 410 411 412 413 414 415 416 417 418 419 420 421 422 423 424 425 426 427 428 429 430 431 432 433 434 435 436 437 438 439 440 441 442 443 444 445 446 447 448 449 450 451 452 453 454 455 456 457 458 459 460 461 462 463 464 465 466 467 468 469 470 471 472 473 474 475 476 477 478 479 480 481 482 483 358 485 486 487 798 489 490 491 492 493 494 495 496 497 498 499 500 501 502 503 504 505 506 507 508 509 510 511 512 513 514 515 516 517 518 519 520 521 522 523 524 525 526 527 956 529 530 531 532 533 534 535 536 537 538 539 540 541 542 543 544 545 546 547 548 549 550 551 552 553 554 555 556 557 826 559 560 561 562 563 564 565 566 567 568 569 570 571 572 573 574 575 576 577 578 579 580 581 582 583 584 585 586 587 588 589 590 591 592 593 594 595 596 597 598 599 600 601 602 603 604 605 606 607 608 609 610 611 612 613 614 615 616 617 618 619 620 621 622 623 624 625 626 627 628 629 630 631 632 633 634 635 636 637 638 639 640 641 642 643 644 645 646 647 648 649 650 651 652 653 654 655 656 657 658 659 660 661 662 663 664 665 666 667 668 669 670 671 672 673 674 675 676 677 678 679 680 681 682 683 684 685 686 687 688 689 690 691 692 693 694 695 696 697 698 699 700 701 702 703 704 705 706 707 708 709 710 711 712 713 714 715 716 717 718 719 720 721 722 723 724 725 726 727 728 729 730 731 732 733 734 735 736 737 738 739 740 741 742 743 744 388 746 747 748 749 750 751 752 753 754 755 756 757 758 759 760 761 762 763 764 765 766 767 768 769 770 771 772 773 774 775 776 777 778 779 780 781 782 783 784 785 786 787 788 789 790 791 792 793 794 795 796 797 488 799 800 801 802 803 804 805 806 807 808 809 810 811 812 813 814 815 816 817 818 819 820 821 822 823 824 825 558 827 828 829 830 831 832 833 834 835 313 837 838 839 840 841 842 843 844 845 846 847 848 849 850 851 852 853 854 855 856 857 858 859 860 861 862 863 864 865 866 867 868 869 870 871 872 873 874 875 876 877 878 879 880 881 882 883 884 885 886 887 888 889 890 891 892 893 894 895 33 897 898 899 900 901 902 903 904 905 906 907 908 909 910 911 912 913 914 915 916 917 918 919 920 921 922 923 924 925 926 927 928 929 930 931 932 933 934 935 936 937 938 939 940 941 942 943 944 945 946 947 948 949 950 951 952 953 954 955 528 957 958 959 960 961 962 963 964 965 966 967 968 969 970 971 972 973 974 975 976 977 978 979 980 981 982 983 984 985 986 987 988 989 990 991 992 993 994 995 996 997 998 999 1000 
