10
92 49 31 86 42 89 59 18 47 37
5105 177 5406 3456 238478
40
32 35 62 60 92 68 23 23 35 92 23 46 76 65 8 46 92 51 65 68 51 92 59 3 60 24 8 89 59 32 89 18 62 76 3 18 60 24 23 60
2024 8908 654 104 22032
90
9 63 15 36 63 59 15 21 15 9 22 30 74 63 36 86 94 19 50 38 38 47 30 50 50 59 7 88 54 86 54 9 22 74 53 53 54 36 34 86 2 63 88 32 72 72 88 86 34 16 53 16 94 34 80 19 59 22 22 15 63 72 22 22 2 94 15 21 7 15 19 21 74 7 47 7 32 2 30 80 80 16 7 86 7 38 63 32 86 47
47334 1953 402 117 46208
160
1 26 12 95 31 92 4 89 62 92 83 7 25 83 7 59 48 95 62 22 83 12 55 88 16 92 59 16 48 53 31 89 97 26 31 83 22 69 4 58 92 62 31 69 31 97 88 89 12 100 97 59 68 8 4 55 100 22 25 99 83 4 62 83 55 55 97 92 53 31 31 58 100 55 8 48 96 96 8 96 99 92 26 92 92 83 83 89 59 62 88 87 12 16 7 83 1 22 92 53 88 59 62 48 31 22 95 55 95 31 59 25 92 99 68 68 69 36 22 92 31 22 1 53 96 68 99 100 69 16 55 58 87 36 59 100 100 100 36 31 83 92 22 58 31 7 59 87 83 87 8 62 62 100 55 26 36 1 83 25
398088 636 6482 175 5568
250
51 28 83 1 12 28 62 56 9 72 9 90 69 90 69 36 47 43 47 49 25 68 9 97 26 97 4 5 12 40 83 26 56 60 10 36 62 62 40 85 12 42 85 24 40 56 9 56 33 85 68 25 13 77 46 26 72 48 64 8 85 40 62 26 60 9 46 48 56 25 83 48 36 33 43 10 56 1 90 24 68 64 26 48 83 48 62 31 10 98 9 60 56 72 97 56 37 62 26 98 51 49 83 9 26 48 13 12 64 68 40 97 28 10 9 77 64 56 98 60 90 47 46 62 51 25 13 48 43 8 98 25 47 31 83 51 49 56 9 13 56 37 43 26 62 9 62 37 62 4 33 1 83 42 36 33 9 85 42 12 56 5 69 62 46 43 31 83 56 31 8 72 98 28 3 37 90 47 77 24 3 37 62 51 46 98 97 85 25 69 5 9 85 24 56 25 3 3 77 1 33 98 83 9 83 26 10 48 1 9 3 98 68 62 13 25 4 42 5 85 4 72 26 85 49 85 62 49 48 24 42 28 56 36 9 64 5 25 25 98 31 98 77 69 62 60 8 4 8 48
3432 6586 20300 249744 1231
5000
27 89 53 27 22 18 27 89 43 6 80 13 100 24 88 90 13 37 52 3 18 44 23 90 67 24 30 56 32 89 22 30 92 98 74 22 100 5 30 95 89 67 32 65 27 98 43 100 18 18 27 22 44 44 88 22 27 52 6 32 65 18 37 22 92 31 37 56 3 5 22 88 50 50 56 40 56 40 95 64 90 37 14 24 13 95 56 56 80 90 92 98 50 22 64 13 22 23 89 27 88 5 22 40 32 22 3 67 18 14 95 65 40 65 65 40 53 27 56 50 18 44 65 22 50 27 52 92 40 80 15 53 18 98 89 31 3 27 24 89 24 13 65 13 56 98 3 64 80 27 56 27 24 43 18 22 98 56 5 98 65 90 95 22 13 44 44 56 5 80 18 38 3 18 27 53 6 18 53 89 3 64 98 38 22 31 65 64 38 100 98 27 90 95 30 88 38 3 44 45 44 65 24 53 89 56 44 32 3 98 44 98 27 32 43 89 13 56 3 22 18 44 98 13 50 30 64 88 92 56 6 64 14 44 50 30 14 27 50 92 23 98 3 18 31 27 3 45 23 15 3 98 24 40 40 18 13 56 45 100 98 50 65 3 80 13 3 3 27 22 18 92 88 98 56 6 88 24 32 24 44 13 18 65 18 44 65 74 13 6 67 23 6 30 30 89 67 22 13 65 53 15 3 22 30 22 45 18 6 22 92 56 80 3 6 43 56 30 3 14 5 38 27 5 30 65 22 32 65 88 74 65 56 40 30 27 45 64 27 100 6 31 100 98 50 13 3 56 31 15 22 15 23 43 88 27 100 3 98 24 32 65 31 22 27 74 23 74 64 56 18 44 3 98 64 32 3 44 90 15 65 52 53 65 56 95 100 22 23 32 27 44 50 67 100 18 3 3 23 27 22 15 13 43 80 22 98 64 44 64 18 98 22 100 38 89 92 3 98 3 56 56 44 67 31 24 56 5 13 89 27 67 90 65 56 44 18 67 27 89 92 43 5 3 88 95 53 15 74 44 56 30 5 13 89 22 64 92 56 64 80 65 13 5 3 31 5 13 27 18 89 56 38 13 67 13 31 52 45 40 100 40 100 3 27 18 27 43 37 50 38 88 30 22 67 23 43 3 45 14 27 24 30 43 6 37 5 50 15 64 88 65 98 3 24 44 31 64 44 67 18 56 64 64 56 45 22 3 65 18 74 98 14 44 14 44 40 53 3 95 45 95 31 27 53 13 3 92 50 22 18 80 5 22 90 22 30 52 98 56 14 92 98 3 67 92 64 27 53 56 45 98 56 40 67 14 89 88 95 5 30 31 65 18 30 30 3 27 98 65 13 52 6 50 95 23 90 56 31 5 31 14 67 65 14 22 3 100 56 56 56 65 18 40 13 38 14 50 64 67 24 64 74 98 80 45 22 88 18 38 98 18 18 15 56 3 37 92 38 15 44 32 3 23 30 74 43 67 22 92 98 44 6 27 53 74 13 30 27 3 88 56 22 64 13 98 98 50 98 3 90 90 88 50 37 5 24 24 22 56 53 40 56 38 56 13 65 6 56 5 44 65 32 22 30 30 15 64 40 22 18 67 98 43 53 23 13 52 65 88 32 65 27 32 3 52 5 3 50 27 50 13 64 27 37 45 74 45 95 98 14 15 53 38 56 40 3 98 32 98 92 98 27 23 45 44 37 18 98 56 56 89 53 3 65 44 30 98 27 52 56 67 3 5 18 14 15 27 3 15 18 15 64 30 3 50 50 3 38 24 3 100 44 38 67 88 32 65 88 90 52 13 24 56 89 18 44 23 52 6 30 80 24 52 18 3 44 30 24 52 23 67 27 30 13 67 98 22 56 88 18 65 37 13 31 44 90 53 18 53 27 30 27 43 3 52 15 67 38 56 31 22 100 67 13 95 22 56 31 89 40 52 14 100 50 3 56 24 6 24 67 23 92 6 27 3 3 56 67 38 65 44 15 44 89 45 30 45 18 50 14 56 18 40 64 89 37 18 32 27 22 14 56 23 30 3 44 50 89 38 52 15 3 18 14 22 65 89 53 24 56 50 3 3 18 90 67 18 88 6 3 44 80 38 37 22 56 32 3 89 92 5 18 88 67 13 14 22 44 13 67 90 3 31 90 74 27 40 18 89 65 15 89 56 38 45 56 18 13 22 44 27 13 18 65 53 67 13 67 53 14 44 53 67 18 65 74 53 15 56 3 3 30 32 56 44 44 100 30 56 92 56 50 38 56 5 3 74 18 44 67 67 24 98 56 5 6 56 53 67 98 98 3 24 100 98 5 18 92 80 38 52 30 56 22 6 56 65 40 45 6 98 38 65 56 44 30 98 65 24 98 88 40 30 67 18 31 56 98 98 65 5 22 14 98 27 32 52 64 45 67 92 30 52 38 3 45 56 98 80 45 43 98 32 15 23 27 40 98 31 89 38 18 67 30 80 14 44 90 100 40 14 3 13 65 13 18 67 65 23 27 3 89 64 52 30 30 98 53 64 14 43 23 3 6 90 5 50 52 27 14 18 15 22 23 80 74 100 15 22 56 37 65 65 65 24 65 90 32 15 98 30 38 50 30 80 15 88 37 18 74 13 90 6 5 98 13 52 80 98 44 53 43 32 13 67 44 90 27 18 98 100 5 98 98 45 22 64 95 30 56 67 74 90 23 90 88 23 90 98 64 37 37 56 30 13 88 92 15 27 27 43 31 98 56 65 52 56 40 18 56 74 23 56 5 74 5 53 22 80 18 56 18 52 56 27 88 50 45 89 27 67 18 27 13 3 65 13 18 100 95 67 100 32 30 31 37 98 6 98 67 30 98 18 74 6 45 40 18 90 30 65 90 3 98 27 27 13 65 56 27 44 44 100 18 22 74 40 3 37 95 15 44 38 98 74 24 23 14 65 67 67 90 89 30 3 18 13 3 98 90 67 65 56 53 22 98 13 13 98 30 18 98 100 13 23 22 95 98 44 89 18 56 44 13 44 50 40 3 89 18 98 18 65 95 13 14 52 64 31 31 67 22 18 15 53 74 18 3 74 14 92 13 13 3 52 67 3 40 43 3 56 40 56 18 13 88 30 22 13 18 3 37 80 37 38 90 6 56 90 31 67 32 30 65 44 13 27 44 22 56 45 98 67 6 44 45 30 22 65 27 31 98 43 56 100 13 44 14 44 98 92 30 3 56 3 22 27 30 44 37 30 32 52 90 80 92 100 27 23 65 3 22 38 14 43 98 14 32 98 67 24 67 52 5 88 100 88 18 27 92 74 22 64 13 98 30 37 3 65 64 27 27 38 98 3 67 30 53 53 18 67 13 3 43 64 74 30 22 30 23 67 100 27 56 56 95 100 64 56 32 22 88 65 30 13 18 92 53 5 27 3 53 67 98 3 22 27 6 90 40 13 27 52 89 95 56 32 89 38 98 30 74 24 44 23 6 22 50 80 98 13 88 92 30 98 5 22 90 3 56 44 56 23 30 90 15 98 31 27 98 37 38 13 52 22 30 64 18 52 13 44 3 40 32 32 13 64 65 80 18 13 40 98 13 98 37 23 95 3 22 52 37 24 67 32 22 98 74 30 37 65 3 50 30 13 43 53 31 13 98 53 24 43 6 56 30 32 3 53 13 27 27 14 56 90 27 43 31 22 3 3 13 27 37 90 74 40 22 56 67 6 18 67 89 13 65 95 18 18 22 64 92 64 40 3 40 44 43 100 80 65 14 65 53 31 3 53 56 30 44 89 27 3 56 64 5 15 65 18 15 6 43 38 27 32 74 67 18 67 13 100 27 98 22 50 74 31 38 27 45 92 22 53 30 98 14 3 67 30 74 22 24 24 24 80 56 53 56 3 43 65 52 44 13 24 5 43 44 56 13 67 88 45 37 22 74 5 90 95 98 67 6 30 56 18 22 3 32 100 15 50 80 56 100 43 56 98 22 24 56 27 65 43 56 44 52 18 67 52 14 80 15 14 65 32 45 50 67 13 24 44 13 65 31 65 67 3 3 89 56 45 18 38 50 44 44 65 67 53 56 98 22 90 31 65 3 44 65 98 56 14 27 30 3 98 3 88 65 14 27 32 3 50 50 65 65 24 44 65 74 5 56 31 37 56 22 40 37 40 80 67 38 38 56 95 65 22 74 65 92 67 80 40 30 5 56 27 30 14 38 74 89 13 45 56 31 92 45 3 43 65 27 23 90 27 5 65 98 5 38 44 24 80 56 18 44 67 22 3 80 37 15 44 37 74 43 100 15 100 100 95 98 23 27 3 3 5 98 98 95 67 56 65 53 67 13 98 89 38 3 98 13 27 13 40 88 30 92 5 52 30 56 15 40 44 6 22 6 27 56 89 18 56 65 30 22 44 13 100 3 43 56 23 56 6 65 100 64 56 44 65 67 27 27 98 44 52 38 53 90 56 27 32 74 45 22 100 3 67 53 44 98 56 37 27 24 13 100 89 56 64 18 30 56 45 24 22 40 74 92 90 65 23 98 13 88 22 18 65 40 32 6 24 24 52 67 45 80 13 50 32 30 18 13 88 24 88 98 22 100 18 88 3 37 22 44 90 53 50 23 27 52 30 65 44 22 53 89 13 92 22 95 23 92 31 64 3 3 5 67 3 24 22 13 6 3 53 3 64 22 30 6 3 38 6 5 64 53 88 65 3 30 18 90 98 90 53 40 56 13 98 18 18 56 53 15 27 56 44 98 44 30 31 3 50 64 80 15 90 56 15 24 74 24 45 37 98 6 53 14 88 27 89 13 100 98 37 15 30 64 80 15 98 22 24 74 56 95 24 100 30 13 100 80 37 52 22 32 100 30 30 27 23 30 44 24 40 32 90 80 92 43 45 27 98 50 67 50 22 5 14 27 3 13 3 98 100 30 22 18 53 88 56 13 15 74 6 44 15 90 45 18 65 98 44 27 3 56 15 64 32 67 23 92 88 6 32 74 23 52 6 64 65 22 30 40 56 44 13 3 40 98 6 38 90 6 95 98 18 27 30 22 98 24 6 74 65 95 30 67 31 6 13 56 56 100 3 53 5 23 67 56 45 98 27 27 38 31 98 31 3 22 65 64 43 65 52 44 45 32 30 98 37 52 15 80 23 13 38 27 100 6 98 45 32 53 98 22 56 74 67 23 38 32 30 98 15 32 88 31 65 92 92 37 24 14 52 45 67 98 89 43 98 92 88 56 52 45 14 50 56 24 98 27 3 30 22 92 31 13 98 18 65 56 30 52 40 53 65 5 43 38 56 37 24 53 56 31 56 88 80 92 56 22 13 89 65 14 18 88 15 44 23 38 22 40 56 56 44 5 65 56 27 13 40 50 38 37 88 98 95 56 40 24 95 45 40 44 30 15 65 18 43 52 22 56 22 3 18 30 30 15 23 30 50 15 13 24 98 27 98 13 5 98 56 3 52 3 3 43 38 67 74 98 22 38 3 3 43 18 53 14 98 3 3 100 98 38 56 18 44 18 95 50 40 37 27 100 27 65 67 15 65 30 56 27 80 32 23 3 6 18 43 27 15 80 24 6 98 14 52 43 37 30 44 5 40 100 100 18 98 50 56 37 44 31 44 44 88 18 67 18 56 18 56 3 65 3 44 92 43 3 53 14 95 3 22 44 98 23 67 45 3 65 67 5 43 56 38 3 14 67 40 95 3 74 3 38 95 67 44 13 65 44 89 6 74 37 32 13 18 23 30 40 30 3 18 100 23 43 3 13 13 30 37 13 38 5 3 56 90 18 27 6 50 89 3 88 67 44 3 53 37 30 67 5 18 3 23 13 14 30 98 38 88 56 95 3 89 44 23 56 65 56 44 3 22 32 50 92 56 98 27 3 98 100 27 50 30 14 37 88 95 6 24 3 67 89 67 30 52 27 43 65 3 23 50 3 3 27 44 98 18 53 95 6 6 14 98 100 65 92 23 13 92 38 22 13 37 98 53 44 80 24 38 53 98 5 15 14 56 64 5 95 14 45 31 98 64 15 38 13 90 53 90 18 50 65 80 56 44 100 52 50 56 74 23 67 18 23 65 56 52 22 65 5 56 22 56 92 67 5 100 95 67 6 44 23 64 65 22 56 56 3 95 30 67 6 64 53 32 74 13 56 43 44 27 3 14 44 18 40 40 53 45 44 27 95 44 30 23 18 98 98 14 65 65 67 100 22 80 90 38 89 52 5 30 80 98 88 56 64 80 56 22 50 37 18 13 74 92 40 65 3 44 30 22 3 98 65 18 100 98 37 89 27 43 95 89 27 31 53 67 95 37 18 32 44 67 56 24 98 18 27 24 24 50 31 22 80 45 27 30 98 22 3 24 80 31 45 56 3 31 23 88 64 100 31 80 56 44 95 65 22 45 80 40 37 15 13 31 56 90 98 64 18 56 90 65 65 45 30 13 44 53 3 30 52 3 18 80 56 14 98 3 18 52 38 65 14 95 23 3 13 64 40 15 18 80 31 3 56 18 37 45 18 44 32 27 13 22 6 56 32 74 31 43 38 27 23 53 44 56 5 27 15 44 37 3 52 15 43 43 80 3 88 64 22 64 67 22 5 3 44 98 89 89 65 22 56 98 56 74 3 27 5 13 38 98 52 3 13 100 98 13 56 23 6 98 43 67 37 6 27 14 3 52 98 67 80 95 98 22 67 38 44 52 5 45 18 67 95 65 98 98 32 6 40 80 80 3 67 3 53 67 95 40 95 40 3 67 18 32 74 100 98 22 98 95 98 44 5 67 38 3 30 31 31 22 18 31 92 74 45 13 90 52 13 64 90 65 40 3 13 3 5 50 89 65 45 74 56 67 15 45 13 40 95 88 95 67 31 98 56 67 3 15 64 15 6 23 30 23 32 65 56 65 3 53 27 15 53 95 52 88 5 50 67 64 37 53 44 3 22 37 5 43 24 5 18 74 27 13 30 45 44 40 3 56 44 67 27 38 98 98 65 89 44 100 98 67 80 3 27 44 3 32 31 100 50 74 92 43 30 30 92 31 98 23 37 65 98 100 92 15 38 98 52 92 92 13 53 89 37 22 74 45 44 88 65 80 18 53 53 44 5 27 100 65 15 67 13 31 32 67 45 6 30 92 30 27 95 14 31 67 74 37 27 56 13 89 98 67 18 6 67 24 67 90 30 74 65 45 74 37 80 37 37 67 5 18 18 24 22 3 3 30 98 3 56 40 80 56 27 13 30 44 37 98 98 92 24 22 30 23 50 14 22 65 40 80 98 65 67 44 5 89 3 13 18 64 67 31 38 14 45 44 24 44 24 37 23 24 30 64 27 45 15 43 98 30 98 56 30 53 3 32 3 98 43 24 23 89 38 90 45 3 65 30 32 27 30 100 67 13 80 50 30 22 13 44 43 44 65 45 50 90 56 67 88 38 92 52 30 32 56 65 13 27 88 67 13 89 56 6 3 98 27 98 22 56 3 43 44 56 95 44 6 15 14 3 27 3 56 27 5 15 44 15 65 15 30 13 31 90 65 89 3 37 3 50 45 38 40 38 5 22 98 5 37 64 23 27 13 53 27 27 18 80 56 67 32 13 30 14 18 52 6 52 14 64 38 95 18 27 89 31 67 27 100 38 50 56 52 45 6 23 74 92 95 45 95 23 92 18 32 5 32 100 56 98 92 98 30 50 64 3 64 5 14 3 100 38 89 64 40 64 37 31 88 56 14 98 13 30 5 30 65 80 3 98 56 98 40 32 27 52 95 89 30 74 18 98 56 98 13 27 32 56 43 67 67 56 44 38 30 3 3 80 37 67 98 23 80 98 88 43 30 64 98 67 100 95 37 23 90 15 44 22 56 95 67 98 37 95 5 40 95 98 22 67 5 92 98 44 14 5 95 40 53 64 3 44 3 6 44 56 56 6 3 65 3 3 45 15 52 90 6 56 13 30 3 13 32 67 5 56 100 98 18 56 40 67 92 50 22 45 80 53 13 67 98 44 6 56 24 74 67 56 92 80 45 3 80 67 13 44 56 52 89 92 65 44 53 18 80 44 18 37 22 22 44 3 13 50 27 22 90 22 22 13 98 13 90 67 65 22 31 64 56 31 90 67 56 30 56 88 65 92 56 67 88 43 89 3 6 56 31 98 24 5 14 67 92 13 30 15 88 3 27 64 92 80 56 24 100 14 98 23 31 13 50 89 45 45 74 14 65 89 56 67 44 65 88 14 3 45 98 30 37 18 27 43 56 43 32 92 43 80 27 90 13 18 52 31 30 6 67 50 80 32 30 30 90 15 52 45 3 13 6 37 13 98 37 45 74 67 95 13 50 98 18 31 6 44 56 14 32 67 30 56 95 13 30 27 15 65 44 18 22 38 74 37 53 56 100 50 38 31 65 23 27 3 13 80 44 50 15 3 38 23 56 98 5 65 14 13 100 22 74 80 23 74 5 92 56 22 23 67 90 98 43 14 45 22 92 32 50 13 98 32 56 98 22 30 30 74 52 43 92 90 98 65 13 90 3 50 64 30 22 44 88 89 27 22 65 100 88 89 13 65 6 38 44 52 6 56 56 80 3 22 15 45 27 44 23 88 24 67 30 64 67 43 56 67 30 30 6 64 44 64 52 50 30 98 98 22 3 56 18 80 67 98 65 13 65 98 92 13 56 31 27 89 56 6 24 24 80 67 45 27 80 65 22 18 3 88 95 44 27 3 88 98 45 80 44 14 38 18 30 6 15 65 27 32 6 50 67 80 88 56 32 88 44 14 90 50 65 23 38 43 67 56 90 30 65 89 30 31 40 27 52 37 52 52 43 90 13 100 15 56 64 15 18 31 22 15 31 64 3 65 3 56 31 90 27 50 18 44 56 52 74 27 23 90 3 37 64 89 3 80 90 23 98 18 24 22 32 56 67 95 44 98 90 95 27 3 100 30 43 18 3 88 53 14 88 52 98 56 90 65 56 18 56 92 27 6 44 45 56 53 5 53 92 14 24 27 56 89 22 27 22 40 56 23 50 18 95 74 3 56 89 31 18 45 27 88 31 98 65 27 50 24 98 44 98 40 98 92 98 45 92 44 74 32 5 32 32 22 52 40 40 89 65 30 5 38 95 50 53 67 27 98 74 18 65 22 56 65 98 52 64 22 6 5 32 24 30 90 31 40 64 18 13 22 14 3 43 13 14 50 56 100 64 67 90 27 15 43 23 3 56 98 43 88 3 3 89 50 65 95 90 38 3 38 27 98 3 100 50 67 43 22 98 44 22 37 13 98 64 44 98 43 52 65 98 88 65 67 45 65 95 67 13 98 65 50 95 74 18 22 98 53 56 5 44 40 45 89 52 13 95 18 3 44 23 67 5 43 38 40 98 67 98 18 13 67 98 6 44 18 80 43 88 65 65 52 95 31 50 74 53 98 44 98 13 50 13 30 65 80 32 40 88 98 31 65 38 53 6 98 23 3 53 32 64 37 50 98 95 67 14 100 95 56 3 67 23 98 27 98 56 43 43 89 30 74 92 50 14 89 27 52 56 22 56 56 3 90 100 44 44 67 100 90 74 92 32 23 37 6 3 43 6 95 52 100 22 18 31 65 100 3 67 27 30 88 67 98 38 15 45 100 45 5 98 65 6 3 14 22 13 3 40 53 52 50 98 27 44 43 40 6 27 22 22 80 24 24 43 31 14 14 92 56 14 38 100 30 92 3 30 15 30 27 65 65 45 13 18 3 44 13 43 27 50 56 6 27 98 74 37 67 6 95 44 65 13 13 92 5 13 43 56 3 3 45 32 22 3 90 56 3 56 67 98 40 32 98 45 37 38 23 30 27 95 80 56 52 31 15 22 5 89 3 53 15 13 50 14 98 18 44 90 90 89 98 3 13 65 44 88 24 22 22 98 92 88 89 24 44 18 65 22 44 56 56 3 18 90 40 50 32 65 3 3 3 56 3 67 15 44 100 18 92 44 32 52 31 14 56 64 80 22 3 98 53 89 95 18 23 88 98 38 100 74 40 98 89 14 67 74 32 24 40 65 22 30 74 30 13 88 24 74 98 98 74 31 67 67 64 95 67 13 30 88 6 90 67 6 38 88 89 67 24 5 6 18 67 40 3 45 88 38 3 74 56 95 32 98 31 3 53 56 15 95 5 89 80 56 45 65 3 74 56 98 5 31 43 50 37 74 64 52 52 43 6 3 98 31 22 14 3 27 18 23 50 64 88 18 44 67 3 3 13 65 40 22 95 56 3 53 44 56 13 43 98 43 3 38 37 74 23 67 30 88 22 31 5 3 27 56 98 18 30 52 65 31 90 43 95 90 52 30 95 44 89 30 43 44 14 67 27 22 43 18 98 24 24 3 74 56 80 37 27 65 32 32 3 89 3 64 23 30 13 89 30 15 98 80 15 18 24 44 56 56 67 3 27 22 65 27 37 56 80 15 27 27 80 18 56 24 23 37 43 18 95 30 52 56 53 3 67 74 65 3 22 44 100 13 13 23 23 92 40 56 50 98 98 24 13 44 43 88 22 64 74 89 30 14 15 98 3 44 56 27 95 13 27 18 44 38 92 37 98 74 98 65 32 98 64 18 18 92 92 18 22 32 98 65 52 98 100 3 22 13 32 40 44 38 90 98 67 5 31 30 98 88 64 100 18 3 98 13 37 67 37 74 98 18 67 88 98 22 90 88 98 40 32 74 50 31 38 67 23 44 15 64 80 98 45 88 52 30 31 22 98 95 98 67 56 90 30 37 22 30 3 65 13 74 22 30 56 13 22 18 18 44 40 18 3 30 56 40 45 18 95 30 89 98 6 90 13 90 14 18 89 3 95 92 32 98 65 45 13 56 56 31 15 90 30 100 3 90 98 92 3 3 92 3 3 95 74 13 89 65 24 3 80 6 53 43 3 37 45 67 45 92 89 27 95 45 100 27 14 43 27 18 52 67 90 14 27 30 50 30 98 52 98 40 15 22 89 14 13 27 37 80 23 14 98 38 65 56 98 67 15 3 43 31 44 88 30 37 50 14 40 92 31 27 24 18 3 65 89 56 80 6 24 67 92 80 65 15 100 89 65 15 53 56 18 32 3 37 22 98 30 13 56 14 67 98 98 13 90 56 18 24 80 30 44 53 40 80 98 30 56 95 23 5 37 45 53 56 13 52 3 15 43 92 67 64 98 23 5 3 64 80 98 27 67 44 22 24 22 98 43 45 22 44 13 88 3 100 88 100 15 22 64 30 3 5 95 38 45 74 44 92 37 88 30 43 56 65 44 74 38 32 98 92 67 100 74 92 30 31 56 30 92
135 45962 18042 337844 23959
5000
49 64 16 78 30 18 84 67 18 10 16 4 4 19 51 31 7 7 78 84 58 9 25 49 49 48 74 20 96 9 78 4 58 19 29 67 29 74 51 75 17 67 96 7 49 18 62 49 27 67 15 49 20 57 49 64 32 4 10 51 90 14 18 75 84 96 51 15 51 32 75 74 10 78 49 28 90 19 51 27 18 17 72 54 62 15 84 75 54 51 55 12 49 51 67 31 9 19 90 64 28 25 21 2 28 64 25 15 18 62 14 60 84 2 67 17 58 74 49 29 58 14 48 2 15 64 18 14 67 20 28 4 55 27 9 15 84 9 67 17 84 75 67 48 14 51 9 75 90 54 16 48 51 4 21 72 27 7 15 31 30 18 27 72 84 49 4 49 49 49 25 9 12 17 30 9 18 90 60 90 62 10 30 51 75 12 64 12 55 20 15 48 51 18 19 72 9 49 58 67 28 15 17 12 49 64 25 84 25 7 96 28 51 18 72 49 16 14 21 96 49 31 78 64 21 48 17 51 75 25 96 10 12 48 32 15 4 64 49 29 12 90 10 30 48 90 51 9 25 9 7 2 20 12 16 51 9 51 10 28 18 31 20 32 60 64 60 96 14 28 96 49 67 75 17 58 9 55 28 7 9 10 9 21 32 57 75 75 20 75 84 16 12 12 51 18 20 49 27 27 55 32 16 7 4 16 4 90 78 7 21 49 18 51 25 60 25 28 64 16 57 21 49 49 15 7 10 31 30 27 31 9 14 54 10 7 28 75 20 48 31 48 14 64 25 9 31 21 49 15 49 62 14 78 58 9 12 51 10 17 7 27 14 4 15 15 18 78 29 51 72 51 17 17 12 4 51 58 90 74 84 25 58 16 18 9 32 75 16 21 31 75 25 62 62 55 51 78 27 4 96 57 27 58 2 51 75 2 90 28 30 90 62 51 51 78 25 14 49 7 57 49 28 4 51 55 72 72 16 7 96 75 30 19 9 49 9 49 29 67 31 75 28 7 17 31 51 18 14 9 21 10 84 51 14 64 4 49 51 51 31 90 18 58 72 12 62 54 49 75 2 18 21 78 28 12 72 51 75 9 54 51 58 28 49 64 9 31 14 25 2 51 49 49 25 28 7 29 9 55 15 75 58 19 20 4 78 2 30 67 74 60 29 28 21 28 62 72 12 96 57 21 49 84 9 75 16 49 29 16 20 12 25 54 51 49 62 75 27 49 9 58 75 25 17 75 32 12 90 96 60 9 62 12 49 2 49 25 19 2 2 25 54 51 96 17 20 25 48 49 49 20 29 31 57 28 25 58 49 27 28 32 31 49 7 30 49 72 19 75 72 48 12 19 10 2 51 28 90 2 25 62 16 19 49 19 75 62 4 12 55 20 30 49 51 58 25 74 49 51 49 90 29 96 75 25 49 55 57 31 96 9 57 96 7 19 30 16 75 18 96 9 49 30 49 25 20 84 4 21 19 67 18 12 67 96 49 29 10 96 7 90 67 49 64 51 64 32 14 72 49 54 75 49 49 19 62 58 27 25 96 2 2 19 54 15 64 64 31 74 84 18 25 54 58 9 32 25 10 48 57 49 84 55 18 78 7 2 21 64 9 29 18 31 58 20 20 49 64 7 17 16 7 62 64 27 90 12 21 9 57 16 30 49 2 14 51 78 25 25 54 12 51 84 72 28 75 21 15 32 7 49 58 55 49 51 2 19 74 96 12 67 49 90 21 84 49 7 51 4 31 18 32 49 12 19 72 62 58 19 96 27 31 54 21 84 15 75 29 74 62 75 78 21 14 49 75 75 32 29 19 51 7 30 48 64 96 32 51 10 84 49 60 32 72 17 75 16 49 10 10 84 90 2 48 84 72 25 31 9 96 51 28 54 7 2 9 16 28 4 49 58 7 25 67 18 20 28 84 7 57 17 7 67 62 15 12 32 20 10 27 51 10 49 21 28 30 14 29 18 7 20 4 25 57 51 18 18 2 14 96 90 12 18 90 84 9 75 49 75 60 49 57 27 7 18 30 32 9 57 32 75 48 7 48 67 62 25 78 51 9 60 54 67 12 19 17 9 75 15 84 4 9 57 75 28 30 84 75 19 67 84 30 28 30 7 49 16 54 75 15 48 17 7 55 49 7 27 7 28 58 74 49 15 48 18 4 21 18 51 78 12 28 19 2 57 74 51 72 51 4 16 57 51 2 28 18 51 74 18 27 75 30 20 90 84 28 75 17 18 21 57 4 51 28 28 62 16 32 55 78 62 62 48 49 51 78 51 51 64 9 51 18 16 62 25 25 75 25 49 49 27 15 10 75 12 75 20 31 74 96 18 54 54 67 2 17 28 15 57 62 72 48 64 7 55 16 29 9 21 49 49 49 58 2 7 49 49 10 51 28 78 62 51 60 62 60 31 55 72 78 96 29 62 15 51 16 19 28 84 28 25 9 54 32 15 84 32 31 75 20 75 51 49 7 62 58 19 15 58 7 62 32 7 21 17 96 28 18 17 9 32 49 72 29 25 2 28 30 21 2 7 75 49 25 49 75 54 21 60 20 27 57 64 28 32 62 55 12 75 28 51 28 7 51 30 51 19 74 17 17 62 16 12 75 64 7 96 10 28 15 7 29 55 90 29 67 14 55 72 72 72 4 32 49 55 32 25 55 78 48 64 57 54 51 19 62 90 51 57 54 7 49 78 25 51 51 49 90 18 57 78 18 12 28 67 54 18 54 67 9 64 18 49 16 18 90 2 19 74 9 7 58 78 75 60 72 74 58 48 72 9 15 54 7 15 90 10 31 75 51 75 9 7 55 7 29 9 90 57 7 78 16 58 28 49 9 96 57 58 21 28 84 55 18 32 30 4 28 60 19 84 49 29 51 58 4 28 58 49 9 27 30 51 32 29 7 64 29 25 2 48 7 27 58 28 9 25 28 28 78 16 51 9 21 31 57 62 60 20 32 17 2 67 21 15 49 14 19 30 49 74 18 15 51 74 49 18 58 15 29 96 54 25 32 15 62 30 20 49 75 7 17 55 17 18 31 78 90 78 16 55 12 20 14 74 4 32 10 9 64 9 90 28 90 51 16 16 60 9 49 51 49 10 51 67 12 14 75 27 96 16 48 10 62 15 72 17 58 75 14 48 49 75 9 55 12 18 90 18 57 57 58 51 12 75 4 25 49 7 51 18 25 60 72 18 14 30 49 49 51 27 27 10 15 96 14 55 58 18 15 19 18 49 32 72 49 27 51 9 84 84 72 17 51 21 84 62 60 10 74 14 96 60 54 54 25 78 7 54 30 28 49 29 30 17 28 9 29 67 14 49 78 16 31 7 75 18 96 27 49 78 28 25 14 51 9 75 31 30 84 2 32 7 67 75 28 20 49 30 57 4 20 25 9 7 72 72 18 19 17 27 20 60 51 17 51 12 18 32 49 54 32 49 25 51 64 49 21 49 18 16 74 25 48 60 9 58 49 31 16 27 2 15 31 55 30 16 78 30 57 7 78 12 90 32 28 9 60 28 9 60 72 32 4 32 49 14 4 49 21 84 29 9 51 58 72 15 84 25 10 49 30 78 64 75 12 7 18 18 84 17 4 10 31 18 51 49 9 84 57 51 10 49 21 20 4 49 90 64 74 15 57 10 58 12 25 14 17 31 18 7 67 28 7 18 51 28 19 4 29 84 30 96 49 18 4 75 49 72 72 67 49 7 9 27 2 67 18 55 21 74 15 10 51 64 19 31 10 51 10 31 75 84 84 7 31 28 7 96 9 49 10 62 25 51 20 64 67 27 21 51 30 17 72 29 84 75 12 15 19 74 27 74 7 75 58 49 30 16 74 14 54 18 49 31 57 25 10 49 51 7 84 49 30 55 74 78 49 51 49 51 90 17 7 28 18 25 58 14 96 25 74 62 18 75 60 75 31 48 72 2 48 31 75 75 51 19 49 55 18 55 54 90 29 74 4 18 17 16 19 72 58 90 12 58 25 18 28 18 9 49 60 9 75 62 49 10 27 51 54 60 14 54 90 16 51 75 64 55 84 72 21 9 48 27 16 74 10 20 7 7 32 51 32 67 7 31 25 54 9 60 75 49 51 49 7 25 49 75 75 18 49 49 58 55 29 67 21 12 54 58 49 62 21 84 19 58 19 84 72 64 58 18 62 49 9 9 17 62 14 17 16 29 21 7 16 12 28 28 10 17 18 28 84 51 25 2 60 9 9 17 75 9 12 15 28 10 25 75 75 25 51 78 32 7 74 29 55 30 51 10 25 78 58 7 10 21 90 9 14 62 32 12 7 90 31 49 62 7 9 55 18 58 78 49 7 32 48 29 32 20 29 58 32 51 7 74 32 48 49 51 72 49 67 15 48 49 31 75 14 9 9 7 15 18 60 25 21 32 21 25 18 49 4 51 51 78 55 7 2 9 64 49 96 19 51 51 75 29 28 78 29 48 51 30 96 49 96 60 25 16 96 60 30 15 51 29 31 9 4 51 49 18 49 17 54 30 9 55 17 48 2 12 12 64 2 25 15 49 9 90 21 49 51 17 51 30 49 90 49 28 29 21 14 28 7 49 58 27 4 28 32 32 48 78 9 51 9 51 60 49 18 7 7 30 51 19 21 14 64 62 17 16 28 25 60 84 21 28 9 60 48 49 9 21 14 4 48 19 49 20 78 90 29 30 28 74 58 20 49 49 75 27 19 55 49 49 10 75 62 20 62 7 7 32 58 60 16 25 54 10 16 18 57 54 51 57 49 72 9 60 48 17 19 20 75 74 96 9 12 20 14 72 62 48 21 67 32 51 96 57 4 54 51 15 57 9 31 18 90 18 49 64 30 14 49 90 10 55 30 17 18 10 51 54 30 54 72 27 9 75 51 67 75 17 90 49 20 29 2 28 58 18 9 4 49 49 58 74 96 51 27 54 27 9 57 51 49 28 84 25 49 21 14 18 51 49 21 60 25 2 18 14 90 67 25 2 29 78 25 84 18 15 25 14 25 28 49 29 49 30 18 75 9 84 25 51 28 84 30 54 28 54 32 75 96 75 31 54 30 84 57 32 49 18 64 67 17 9 72 15 19 51 74 64 10 15 31 25 4 28 17 96 14 96 25 48 74 75 49 31 18 75 32 32 72 9 51 49 19 18 78 57 30 18 54 60 25 72 27 20 15 14 18 64 49 20 7 28 21 55 72 30 21 64 54 74 18 62 49 17 51 21 96 18 4 20 20 60 7 28 55 78 18 28 55 60 12 51 32 10 55 51 15 49 49 75 90 12 72 28 21 60 51 4 20 29 18 55 57 62 25 25 49 51 29 2 31 75 31 7 7 49 18 10 84 2 74 57 18 60 75 30 51 58 4 74 17 96 96 25 74 16 19 7 9 60 10 51 17 27 49 12 7 51 49 32 31 12 57 62 16 9 54 67 9 51 28 2 75 62 16 67 7 48 7 78 9 62 84 9 27 75 51 9 60 18 49 62 58 4 25 28 67 31 19 54 30 72 57 54 49 31 7 21 4 49 17 55 60 21 25 62 51 96 49 54 14 12 51 15 18 90 75 7 21 96 27 49 9 9 12 84 51 28 74 54 18 60 62 25 19 90 27 15 18 49 57 54 9 62 25 2 7 62 25 25 16 9 72 55 84 29 27 27 25 64 9 67 28 18 51 62 18 25 28 48 60 55 55 20 29 78 96 51 17 51 49 72 28 48 7 2 78 18 49 25 31 55 2 48 60 25 96 18 7 10 32 55 19 14 28 25 51 28 25 15 9 58 74 4 64 10 84 7 27 14 64 49 51 58 17 31 51 27 51 49 75 72 62 67 54 12 49 15 28 15 57 75 18 75 49 7 74 96 28 21 14 74 19 7 17 19 49 29 72 49 84 49 10 18 74 18 7 74 28 14 49 18 49 67 29 18 51 64 49 19 51 19 4 72 7 2 25 15 14 15 30 20 9 72 49 2 20 18 54 55 7 75 2 51 27 75 30 29 74 32 12 12 14 60 57 49 7 28 25 29 12 49 54 20 29 49 60 32 62 72 49 27 4 25 30 20 29 54 48 17 57 29 75 49 28 2 75 17 21 49 27 25 28 62 31 4 49 28 4 78 10 48 25 64 78 14 21 25 25 27 49 9 12 72 29 28 7 28 9 51 51 58 31 72 7 7 17 16 49 15 48 75 16 48 49 10 7 19 90 60 51 55 25 48 16 18 21 19 30 25 28 25 18 55 20 78 74 49 75 2 49 75 49 20 29 51 7 28 49 25 48 75 9 29 30 72 54 55 96 17 51 55 9 74 14 29 51 51 67 20 10 90 27 12 30 49 84 64 4 2 10 7 27 74 96 7 10 17 49 51 58 32 2 74 28 78 25 54 54 51 74 55 49 25 28 54 17 51 2 75 72 90 16 51 7 9 96 49 14 20 17 75 60 62 2 25 12 64 16 54 25 28 55 74 75 28 10 64 9 25 29 90 49 51 64 49 51 75 55 74 58 27 7 4 18 54 64 14 51 29 54 90 90 67 14 51 29 18 51 72 2 27 57 75 51 9 57 58 57 49 57 49 21 67 62 48 16 17 49 7 78 64 51 78 29 14 27 62 28 25 2 7 12 49 55 90 60 48 9 16 49 60 28 25 30 49 74 31 49 67 18 49 58 9 30 25 67 64 64 48 10 28 51 9 67 49 28 21 25 7 25 17 51 20 54 64 28 55 72 74 19 74 16 7 28 29 72 19 62 49 60 49 32 64 51 18 74 49 18 18 78 78 72 2 75 12 49 19 9 51 10 58 12 10 16 62 49 62 29 49 18 49 49 25 72 72 51 28 48 75 17 20 21 25 29 7 32 20 9 15 20 31 29 49 15 31 55 7 16 9 51 31 51 21 27 14 18 64 49 28 49 2 32 18 57 29 7 25 25 9 84 58 57 20 74 29 4 9 4 74 31 64 18 21 96 78 32 15 7 57 31 64 19 75 49 74 75 18 4 18 18 64 2 12 20 49 49 75 48 28 14 14 9 49 51 15 49 67 72 14 12 27 49 7 18 78 28 51 72 7 49 49 28 27 14 58 57 72 19 31 9 57 10 51 72 74 48 30 51 19 25 19 18 28 16 90 30 4 9 58 32 67 9 60 78 62 10 17 49 14 75 49 28 51 25 20 12 27 51 28 16 49 18 67 30 54 27 7 78 30 7 75 49 90 49 25 20 74 7 16 90 78 75 9 21 21 21 4 27 75 12 29 28 57 25 18 51 19 25 7 67 28 58 25 29 20 7 90 72 74 4 18 49 54 67 54 9 15 57 74 21 75 60 25 48 32 49 9 31 72 75 58 74 64 78 17 18 90 78 28 49 32 75 58 60 67 10 18 18 14 49 96 9 14 31 60 75 29 32 2 96 96 96 25 96 96 7 51 31 49 29 67 9 29 15 18 51 14 9 27 78 30 54 67 9 64 16 51 57 17 28 16 96 30 96 67 28 48 14 27 15 78 19 49 17 55 7 28 72 54 75 16 9 74 60 64 15 78 9 75 12 51 49 32 51 19 2 18 25 27 2 21 20 75 16 21 30 7 74 27 90 7 84 55 18 54 51 51 29 14 18 17 2 21 51 19 49 62 17 51 58 55 20 67 51 32 54 15 7 90 7 49 84 48 28 28 7 84 78 64 48 60 25 25 16 28 28 15 4 28 2 72 49 67 7 67 51 75 74 32 27 32 14 49 12 18 15 28 58 60 58 30 10 49 78 21 75 90 30 57 7 29 21 9 49 51 55 18 54 55 67 19 55 19 14 4 49 49 49 75 2 49 9 25 18 67 51 25 7 20 29 64 49 67 29 20 74 32 30 7 75 29 64 60 72 16 49 75 9 49 18 75 75 29 54 72 58 60 74 54 84 49 57 60 4 78 18 64 48 10 49 25 60 17 62 27 78 32 20 60 21 32 48 78 25 10 51 28 31 74 55 7 2 19 9 18 54 21 49 25 75 51 32 48 49 54 7 18 18 32 49 55 16 31 78 74 48 75 4 25 75 49 49 48 18 4 51 18 49 49 14 48 28 20 75 12 51 75 51 30 9 55 10 51 16 18 78 49 9 7 25 16 84 25 49 51 75 18 20 29 7 51 60 62 75 62 21 64 67 2 12 84 49 60 12 7 51 84 57 17 49 57 75 20 57 12 51 90 72 7 49 51 96 7 27 75 48 14 48 67 31 54 60 57 9 32 51 14 9 51 62 17 18 48 28 16 54 25 4 49 21 72 9 48 51 49 14 25 12 14 19 78 62 28 57 75 51 60 27 9 90 51 75 10 51 28 49 15 30 49 60 58 51 49 9 12 7 62 96 19 25 60 21 32 12 67 21 72 62 49 72 9 51 18 9 67 84 57 54 51 20 51 54 84 75 20 9 49 48 74 16 32 67 14 51 48 55 51 15 10 75 75 27 10 49 9 7 2 72 10 27 55 51 72 84 67 31 54 4 2 62 48 54 10 18 67 49 49 18 51 4 49 17 90 25 30 7 20 28 20 7 19 49 51 67 51 32 64 17 17 25 12 75 48 55 58 30 4 31 58 75 51 2 30 7 54 9 29 51 25 10 18 18 49 49 57 14 20 12 25 49 49 74 7 29 18 84 32 55 51 67 55 30 25 30 54 75 10 9 15 20 30 49 27 9 62 90 27 60 57 90 55 60 57 4 49 49 25 25 55 62 9 19 14 49 78 27 28 58 96 90 74 19 32 30 96 78 96 7 49 64 75 90 4 20 55 67 20 60 28 57 7 84 55 67 25 25 96 28 19 17 55 72 62 51 51 9 10 4 58 51 49 18 27 14 54 96 25 64 96 54 49 15 17 55 51 31 14 31 96 96 55 75 17 27 51 31 49 10 19 78 20 28 49 55 7 74 51 62 9 51 51 55 28 51 29 28 64 4 51 90 20 21 60 18 14 78 17 51 60 49 74 74 58 96 60 48 32 20 90 58 29 96 10 96 14 25 15 15 31 31 48 18 75 27 12 7 18 51 2 74 51 21 14 49 75 18 64 12 25 10 28 90 60 74 84 58 4 25 49 49 55 32 10 19 29 57 15 60 67 51 2 96 25 49 28 32 4 15 75 31 84 55 48 51 55 17 18 51 51 21 49 25 49 25 19 62 31 16 2 10 18 18 60 7 20 21 49 25 7 19 49 62 64 72 12 7 90 12 7 17 4 96 75 2 25 67 49 9 51 31 49 9 55 7 51 49 18 16 57 78 25 51 2 75 49 29 90 2 16 51 21 49 28 7 51 55 14 90 49 7 62 62 25 4 78 51 28 75 74 57 49 20 29 60 74 10 84 78 49 72 7 51 9 9 49 48 90 18 9 96 7 55 90 9 64 14 25 55 19 75 17 9 96 57 31 51 31 48 64 49 17 96 20 64 28 75 7 49 67 29 27 20 25 15 57 32 16 9 10 19 51 51 10 49 74 14 74 84 15 57 7 57 25 60 9 21 4 90 19 64 58 51 9 64 67 16 49 49 84 18 9 58 51 67 84 74 14 2 51 49 78 7 25 19 67 25 96 9 10 75 54 96 48 27 7 25 25 25 9 28 84 57 51 48 29 49 25 25 16 67 28 96 4 28 51 51 7 25 64 49 78 49 7 7 4 51 55 31 74 49 75 30 62 9 28 67 90 75 67 27 12 72 90 12 7 7 18 10 32 31 58 78 75 16 4 78 4 49 57 55 28 28 18 74 49 51 9 48 31 25 67 49 49 49 49 28 96 25 14 58 60 7 27 4 67 9 9 15 2 74 2 84 55 27 4 62 90 54 78 28 78 67 20 58 16 9 90 75 49 12 16 21 49 15 58 51 19 7 67 19 9 75 25 2 78 7 75 14 4 75 9 54 25 28 54 75 57 58 31 49 84 25 48 7 17 48 27 51 19 90 51 54 48 16 12 96 72 14 48 10 28 4 27 18 17 51 48 28 14 31 28 29 84 96 17 17 74 19 51 84 49 49 30 55 54 32 15 64 90 58 75 2 10 49 55 27 18 51 7 10 15 57 62 15 30 60 64 9 72 31 49 18 19 84 17 51 25 62 30 28 48 30 19 60 31 51 60 57 74 31 55 49 32 2 31 15 10 9 90 31 51 2 12 28 51 12 18 18 75 18 74 57 20 51 49 64 20 54 28 67 90 9 60 18 55 20 9 21 51 12 57 18 51 27 84 51 49 75 9 60 20 64 75 64 4 16 16 30 75 17 48 9 57 25 7 18 74 64 32 7 27 57 28 29 57 96 64 4 2 28 28 30 25 51 15 90 17 25 75 49 51 9 21 62 58 54 28 49 21 7 12 15 20 19 18 19 48 75 2 7 51 84 20 12 58 17 25 74 75 18 9 57 15 4 51 84 72 75 49 28 49 51 29 18 67 4 60 12 49 9 49 62 18 21 32 49 25 75 17 27 27 48 28 75 21 27 15 30 72 20 25 64 48 4 67 57 25 21 9 19 51 51 17 75 62 19 49 72 7 27 67 10 62 58 2 25 62 75 31 49 57 9 75 28 31 18 25 64 78 58 25 28 25 72 19 32 20 28 9 31 4 27 28 49 2 78 60 7 19 16 28 57 28 21 7 9 2 2 28 10 49 9 60 90 67 51 29 16 20 90 18 49 75 2 49 27 28 90 51 74 84 4 84 30 54 32 49 28 12 58 31 58 48 16 10 60 27 28 25 51 28 20 2 16 15 84 96 18 29 64 2 51 28 18 64 7 49 28 90 16 16 28 21 14 78 75 28 9 74 72 31 2 4 72 51 96 15 49 49 18 31 20 60 7 10 7 49 16 28 90 20 57 9 16 49 27 64 60 75 15 96 9 51 15 7 9 29 18 7 57 49 49 28 58 84 75 28 72 20 55 2 15 25 21 7 78 78 75 7 31 62 60 17 84 16 28 29 84 62 64 7 2 54 49 15 12 74 49 30 2 67 21 49 32 15 25 18 9 29 4 96 51 28 18 19 32 49 72 75 2 57 49 64 49 12 75 78 49 49 31 12 27 48 10 51 51 18 30 19 90 19 29 49 48 12 62 18 96 28 67 28 49 14 18 28 18 49 15 16 7 49 75 84 28 78 4 84 90 32 30 51 18 25 48 78 75 90 9 51 14 49 84 57 14 78 21 25 25 96 57 30 30 30 49 64 28 49 75 75 18 28 84 60 58 54 78 16 72 17 14 60 67 78 51 10 48 30 49 74 51 48 96 62 16 49 54 28 25 57 32 90 25 48 49 7 7 4 10 19 30 64
6552 9333 2133 6536 26136
5000
92 38 34 55 4 91 67 79 9 82 50 91 50 69 70 66 70 67 49 42 34 50 76 87 75 9 75 82 23 55 9 76 67 79 67 92 56 76 82 49 70 69 38 76 78 19 66 28 96 29 75 53 78 57 82 23 29 67 52 34 19 52 28 73 29 70 69 23 57 9 38 73 66 82 91 91 76 57 70 49 82 23 52 19 38 23 82 45 56 66 72 66 69 96 29 66 29 9 50 55 82 28 72 82 79 92 55 42 70 56 28 29 66 38 91 69 67 42 67 66 70 78 66 79 29 69 50 66 70 38 67 38 28 96 9 45 28 82 75 66 62 56 70 79 55 38 45 75 73 49 34 69 67 75 45 78 55 38 23 87 23 87 53 73 66 34 67 52 56 42 70 49 76 75 92 4 75 27 87 49 4 27 42 62 72 91 45 38 96 49 29 66 4 62 75 52 78 67 75 69 29 50 56 91 67 66 66 28 52 82 69 78 29 67 66 70 29 69 56 72 76 75 72 66 56 38 62 66 55 82 82 82 49 38 73 34 23 27 4 29 75 28 38 62 79 70 29 67 73 79 38 23 76 82 92 38 82 79 67 76 9 87 56 87 69 56 91 91 66 9 56 50 56 53 55 57 75 79 56 72 76 67 87 29 67 55 66 52 19 92 79 96 66 9 70 75 67 82 72 92 70 23 23 28 4 29 49 42 75 92 9 91 72 38 75 66 23 73 57 66 55 27 29 66 66 4 23 56 75 72 62 92 92 52 79 57 75 79 75 72 42 27 56 67 4 57 9 4 19 67 69 52 78 82 67 23 75 75 52 82 9 45 52 67 78 92 9 56 57 29 87 79 53 4 23 28 23 67 96 66 4 38 66 67 66 79 66 67 45 28 67 92 78 49 75 9 38 38 82 4 56 23 76 52 42 66 45 52 79 67 73 91 82 78 75 53 69 56 75 56 9 76 45 49 38 19 66 19 66 56 57 78 67 69 34 53 72 50 78 73 56 9 29 9 96 66 45 9 55 72 56 23 72 67 69 66 27 55 52 70 9 23 66 67 27 56 19 70 56 76 82 52 76 52 75 67 29 56 66 29 96 23 42 52 67 45 4 49 67 72 34 28 4 78 29 56 29 87 73 42 28 66 55 57 66 9 23 75 27 66 9 55 72 38 69 72 38 62 70 29 87 75 70 66 66 28 79 96 49 9 56 79 9 70 79 78 45 9 79 72 75 9 62 56 53 72 52 53 79 79 23 82 50 82 52 4 70 50 78 38 53 29 52 50 49 82 50 82 53 66 82 34 91 66 91 76 56 82 49 28 72 56 56 92 67 45 66 70 38 28 66 66 56 66 38 45 27 28 70 79 56 19 66 55 23 29 78 72 70 9 9 70 76 67 73 52 29 9 57 78 52 87 69 66 52 19 79 56 75 29 55 42 49 96 72 56 72 55 69 38 62 92 67 75 19 56 67 9 69 67 82 87 78 79 56 34 23 28 42 28 9 9 9 62 72 50 66 82 67 91 9 92 76 67 75 27 53 82 49 49 56 42 23 96 67 82 70 82 70 66 50 75 66 62 38 34 34 67 82 57 27 38 38 70 56 38 87 4 28 34 70 9 53 52 87 34 29 70 66 92 62 67 73 4 75 19 66 66 56 34 9 4 4 96 73 92 66 19 50 42 66 75 87 76 52 79 72 29 82 66 27 55 57 66 56 34 66 50 76 72 53 66 66 69 96 53 19 56 9 66 52 29 38 38 19 72 75 4 82 67 57 67 56 23 9 52 23 9 70 67 66 79 69 62 75 29 57 79 73 79 29 82 70 66 70 42 66 38 9 34 29 66 67 67 79 79 52 67 45 57 70 50 70 52 91 78 75 75 91 28 82 67 73 4 38 69 4 55 34 87 52 52 79 56 38 9 23 82 55 56 4 91 28 82 66 75 79 42 23 82 79 70 19 91 66 23 23 56 66 66 62 91 29 27 96 38 42 72 50 23 75 38 52 72 82 45 70 55 70 49 52 62 75 19 45 49 66 72 62 66 49 9 9 23 79 38 66 92 56 27 42 75 69 91 52 52 66 23 96 56 87 29 29 52 70 38 66 82 50 38 66 19 9 52 62 45 66 73 38 72 70 56 29 62 76 79 66 79 72 82 56 55 38 76 72 38 9 52 70 66 66 42 53 67 52 70 29 75 57 53 9 50 91 66 49 57 75 70 66 56 79 4 34 87 23 82 53 69 38 79 23 82 56 66 23 66 66 29 50 79 38 23 73 27 76 75 52 57 91 62 9 50 29 82 38 56 29 29 4 78 29 70 69 66 56 23 49 4 82 96 82 28 66 92 29 9 19 78 67 29 19 79 56 28 73 79 76 66 66 66 38 75 4 91 79 66 73 38 56 82 69 91 62 70 23 92 42 19 72 19 79 66 76 66 66 9 75 70 76 82 4 55 49 23 49 57 92 55 87 28 62 67 52 78 38 75 23 72 45 56 82 75 79 62 70 23 56 78 73 52 55 23 29 87 72 9 72 72 67 66 29 82 96 66 52 78 70 76 27 23 49 67 53 96 52 45 50 75 52 56 70 91 52 62 28 56 66 19 38 56 75 91 56 72 70 78 27 52 76 67 67 45 62 49 4 56 67 75 75 66 70 42 62 50 4 56 29 23 70 67 52 79 34 57 53 27 79 55 92 28 70 66 29 34 79 28 66 78 67 29 76 23 34 92 72 27 4 66 42 66 66 66 56 19 9 42 38 72 56 76 96 52 75 56 75 66 73 29 72 72 23 38 52 67 67 45 72 34 87 19 66 66 23 62 52 29 52 19 66 79 27 23 75 82 23 29 79 70 66 34 29 23 76 87 56 66 53 79 75 45 57 56 38 52 56 69 52 4 96 49 45 56 9 92 72 53 78 38 82 57 49 78 70 73 69 66 28 72 91 96 4 23 53 38 72 82 38 82 28 66 9 29 23 66 75 56 66 72 79 62 53 52 9 53 92 66 70 28 66 23 66 38 34 23 73 50 42 34 70 28 34 9 91 70 53 70 52 38 75 92 38 29 70 91 9 23 38 55 52 34 45 91 78 55 57 9 79 27 56 52 23 4 53 53 66 66 29 75 4 49 57 91 50 67 38 19 27 82 72 28 53 38 78 75 38 4 82 38 50 23 56 82 66 82 56 34 96 87 91 55 9 67 70 29 69 87 72 67 67 34 38 79 76 70 79 38 79 91 49 38 57 87 91 66 67 56 23 52 4 96 29 66 70 87 42 38 73 49 69 79 69 38 52 78 56 78 23 57 27 34 66 72 66 9 72 56 79 72 96 29 50 62 23 66 75 52 91 75 92 52 75 78 91 53 56 45 73 82 38 72 87 75 66 62 66 82 66 82 66 38 52 38 75 19 52 23 73 42 9 69 9 4 66 67 69 34 29 66 38 72 56 34 87 29 75 23 52 70 42 57 57 66 50 56 38 29 96 42 29 56 87 4 38 29 38 79 72 75 73 53 62 67 78 82 56 27 73 67 50 42 53 91 69 67 27 82 27 56 29 23 79 82 9 66 23 56 67 92 78 62 4 27 66 96 66 45 75 9 56 38 82 27 56 9 29 57 73 92 66 79 75 62 52 82 56 23 57 69 29 67 9 91 45 19 52 56 62 87 57 96 9 96 76 66 87 55 82 72 76 82 79 73 79 66 66 72 57 55 87 9 9 67 78 75 92 70 73 29 76 67 66 66 78 70 56 23 52 67 4 82 79 62 56 52 69 56 29 66 34 82 87 27 56 29 9 91 75 66 66 70 72 70 56 34 34 66 72 45 9 55 27 52 66 4 38 91 52 87 92 56 73 23 73 82 56 38 70 42 62 56 52 38 67 82 87 82 29 92 50 42 57 75 9 9 66 79 87 66 62 38 50 9 34 92 75 67 4 96 9 66 70 82 91 62 76 72 56 38 82 49 50 23 82 96 56 27 27 49 73 66 29 91 91 87 69 56 76 70 57 66 87 19 55 9 76 9 67 70 67 56 57 38 72 49 29 49 50 55 75 38 34 66 52 52 62 27 87 67 72 79 75 56 34 82 75 50 27 70 75 76 79 78 29 72 9 29 73 79 56 42 87 9 76 23 34 56 73 73 76 66 92 67 55 92 23 75 4 79 76 82 70 75 66 52 23 49 49 96 75 73 96 34 78 82 92 23 96 96 45 76 87 34 56 82 57 76 72 72 9 57 87 50 92 50 78 49 75 72 82 4 78 29 52 96 53 79 66 55 92 52 91 53 72 29 38 23 4 72 69 79 79 4 67 96 23 87 66 28 42 53 38 28 91 92 55 75 75 66 57 66 76 28 66 45 9 19 38 29 34 53 29 78 56 70 56 67 55 34 52 55 70 66 55 62 82 91 72 29 57 70 52 62 69 72 56 53 9 42 70 34 62 66 52 56 73 82 69 72 28 69 75 79 70 53 50 38 69 72 96 56 27 73 57 67 87 96 56 91 34 42 87 72 78 72 66 75 82 29 56 72 76 9 69 4 23 19 79 52 70 56 56 75 52 57 52 42 56 38 57 66 73 72 72 56 9 42 62 70 56 66 19 92 92 55 67 56 34 56 19 29 76 49 52 72 87 78 79 50 27 42 34 67 96 42 56 23 55 42 52 57 75 38 55 66 42 79 66 70 9 66 28 66 67 23 67 23 96 27 66 56 4 56 9 76 87 70 4 76 66 82 79 49 72 79 50 62 66 87 79 72 56 23 73 45 75 67 29 38 9 69 73 96 72 67 69 9 55 87 57 78 87 52 82 66 78 38 55 42 52 70 82 56 69 96 66 67 56 19 9 78 79 78 67 82 38 53 4 19 75 19 28 23 66 67 67 75 67 79 79 56 66 82 66 38 82 66 66 53 9 66 87 4 38 56 38 28 72 55 92 53 4 23 92 55 96 45 91 53 23 66 70 57 67 57 38 55 66 87 23 9 82 79 96 19 66 23 91 27 52 23 38 57 76 82 70 52 29 70 57 19 87 50 55 27 92 23 9 9 55 79 72 66 9 29 56 75 27 55 70 28 29 72 52 72 55 87 70 28 73 70 78 70 9 72 53 45 75 34 50 73 75 19 23 27 69 56 23 72 19 27 67 72 82 70 76 28 66 29 69 66 69 79 23 82 82 79 70 67 72 45 70 66 82 29 76 87 23 72 73 79 52 23 56 50 92 23 87 76 9 82 91 72 57 75 52 66 75 72 66 87 23 66 67 78 82 57 66 73 70 49 79 27 29 4 38 62 23 55 56 67 19 66 52 69 38 57 69 53 53 79 78 79 62 75 82 23 52 45 52 42 67 75 62 76 92 91 29 70 38 72 72 57 76 50 75 19 52 38 19 23 70 91 9 91 87 70 75 96 70 67 70 66 49 79 53 56 34 23 70 70 72 9 52 66 56 72 52 82 62 34 9 73 42 66 29 70 29 45 76 28 66 38 52 82 66 9 56 79 82 66 49 66 49 62 82 66 38 62 75 72 52 52 82 28 91 53 38 45 19 56 57 67 34 66 78 82 52 45 72 4 23 82 45 9 87 23 66 49 9 55 56 50 56 70 23 19 50 76 62 69 91 67 38 66 56 45 53 34 53 92 72 52 23 73 38 79 66 69 87 70 79 9 82 92 55 52 76 42 29 92 52 9 69 96 53 56 45 67 29 38 29 34 76 72 72 62 53 56 73 50 66 52 9 79 52 72 78 82 73 56 70 66 96 28 29 69 45 29 73 27 23 69 78 72 23 78 67 28 34 73 52 62 79 82 50 66 38 52 72 70 38 75 76 28 66 78 23 45 70 49 42 57 78 29 66 66 72 50 70 87 19 91 45 82 55 42 76 29 73 56 52 23 79 29 67 29 79 42 66 57 78 38 53 50 34 96 4 49 38 49 66 66 66 72 70 92 53 75 56 73 52 42 72 96 28 67 72 67 91 92 70 45 92 62 34 45 66 55 79 96 70 23 78 56 76 34 38 34 73 34 73 70 79 82 50 42 66 45 73 52 75 53 9 73 66 82 75 56 78 49 66 23 70 96 9 66 70 55 82 69 75 67 66 62 66 45 75 27 75 27 28 72 91 76 82 66 27 66 92 52 72 55 50 28 56 91 72 53 53 56 96 66 72 79 56 56 72 82 75 79 69 28 27 75 23 50 38 50 70 28 75 78 9 38 9 9 62 76 42 52 49 23 76 67 19 72 27 87 42 9 57 91 42 79 56 67 56 72 96 66 72 50 29 56 50 50 34 79 42 66 4 23 50 75 52 70 96 55 72 79 9 27 69 56 9 55 92 57 66 45 38 73 75 28 66 79 27 79 67 53 28 75 67 79 75 19 29 9 57 70 79 23 82 73 70 27 38 9 34 49 56 9 79 56 67 79 82 79 56 28 75 66 72 66 29 75 66 66 70 42 66 28 79 82 56 66 79 66 52 28 79 87 69 73 66 56 29 29 79 55 70 9 62 66 9 19 23 82 56 75 23 72 70 50 56 45 67 55 23 72 42 79 55 91 66 45 82 66 70 45 56 9 23 82 79 70 92 9 67 55 9 9 38 50 67 72 28 27 23 45 55 50 4 56 62 72 19 92 23 49 96 78 70 66 19 66 53 19 42 69 73 56 45 92 56 82 82 4 4 87 56 38 92 66 56 73 4 23 67 66 49 67 19 67 9 79 29 56 57 19 38 29 69 82 29 62 72 96 66 27 4 29 9 96 69 66 50 78 28 70 78 23 67 50 56 38 66 53 29 79 34 96 69 23 78 23 45 69 42 56 96 91 38 70 82 56 45 62 66 79 87 50 38 66 56 9 56 27 55 49 23 87 9 66 67 82 52 38 79 28 29 66 57 62 4 79 75 19 73 87 57 96 50 70 66 66 27 78 50 82 49 38 66 72 29 56 29 75 57 91 29 79 45 66 42 34 34 4 56 76 66 87 66 23 27 82 50 70 70 29 92 82 52 49 38 70 82 52 56 28 76 9 38 42 56 23 75 66 19 55 23 29 38 67 62 72 69 9 38 49 87 79 76 9 75 29 75 45 49 91 75 52 70 19 67 66 57 45 79 96 70 66 72 28 72 66 92 70 73 70 66 66 82 72 56 75 66 57 27 28 69 53 75 23 34 29 56 9 66 75 56 34 57 56 19 29 70 38 34 91 70 42 42 45 76 82 28 52 70 78 66 67 79 23 23 82 56 52 73 92 73 56 9 73 82 96 87 42 72 9 9 91 56 66 56 29 76 72 79 72 67 52 23 38 73 45 96 92 87 45 75 82 27 96 29 53 53 62 45 69 91 82 66 9 67 66 66 75 66 82 56 38 78 52 9 92 69 34 52 45 55 79 66 87 75 45 38 56 73 55 66 53 82 56 9 67 23 56 79 76 56 67 29 38 69 72 67 70 45 9 52 79 96 52 52 70 92 72 29 28 56 29 38 38 29 82 56 29 19 56 42 79 66 79 45 56 38 19 23 23 70 49 49 91 66 70 27 38 73 75 38 91 42 96 92 82 66 66 4 38 50 29 49 75 67 50 53 29 69 87 66 82 67 23 70 29 67 29 87 50 9 91 53 49 29 70 28 72 56 70 75 67 42 73 29 49 92 49 75 49 67 55 23 62 75 70 69 27 52 66 52 29 4 9 67 70 29 79 78 72 52 9 66 78 56 82 27 73 52 66 53 69 53 67 52 28 56 72 57 56 9 72 56 66 34 56 23 34 38 49 62 79 49 55 52 45 72 67 4 45 82 62 52 87 76 9 79 50 78 4 56 55 67 75 53 67 78 52 9 29 70 67 75 67 29 72 27 52 29 19 78 23 82 66 50 78 72 75 87 78 50 34 73 53 23 45 96 55 56 70 28 55 52 56 70 72 66 96 78 72 56 27 72 79 29 19 76 49 55 45 9 27 53 19 42 23 55 49 67 79 50 75 34 66 23 9 75 91 96 38 19 38 82 62 56 72 72 62 72 28 72 9 78 38 91 92 56 29 34 56 82 79 78 56 55 23 52 29 79 49 42 52 53 72 53 66 29 69 57 55 79 56 75 66 56 42 4 73 19 9 38 27 56 38 29 79 66 78 52 52 70 66 91 79 38 70 34 29 34 79 9 72 67 75 9 56 27 52 96 66 75 73 34 23 66 56 23 67 34 38 57 52 67 67 69 62 62 70 92 66 4 82 34 42 62 79 66 73 50 9 70 53 52 42 70 56 53 92 66 42 78 19 70 82 75 23 76 42 96 53 19 75 76 56 62 56 55 75 66 23 42 57 66 75 27 92 49 57 66 66 27 19 73 53 96 67 38 75 27 9 19 23 96 79 69 4 56 82 91 72 23 42 87 92 66 62 23 72 91 49 57 29 19 78 19 42 29 66 42 38 56 76 92 45 23 75 82 9 42 56 27 66 78 4 67 70 28 87 66 28 34 66 76 72 56 87 55 70 27 79 66 76 78 52 96 92 38 29 27 56 9 19 67 82 69 82 29 19 66 75 70 70 49 55 57 9 57 72 57 45 4 70 9 78 50 19 69 28 72 27 82 75 4 72 53 79 56 69 72 72 66 66 66 72 34 23 79 82 42 34 38 70 52 67 57 72 9 91 96 23 67 66 82 67 19 27 52 23 66 49 66 38 82 96 66 67 67 87 70 28 70 57 49 76 67 28 79 72 72 66 79 79 52 75 73 92 27 62 52 53 9 91 53 73 9 66 4 72 9 69 53 23 52 66 38 76 29 27 45 92 87 87 82 9 23 69 23 53 70 75 66 66 73 62 57 79 57 52 29 75 91 53 91 92 56 75 38 42 9 23 29 52 56 55 79 56 29 56 87 23 75 50 56 29 76 82 82 42 92 28 75 42 53 28 53 56 27 69 79 69 70 66 56 67 29 66 38 76 66 79 96 73 19 82 9 72 4 4 27 75 38 67 72 42 96 67 38 4 56 66 66 96 76 66 52 67 87 73 87 79 27 82 76 96 19 45 66 27 70 28 75 38 75 4 75 9 56 75 73 4 29 78 56 23 79 23 28 67 52 66 34 56 4 56 55 57 70 57 42 69 87 50 56 76 49 96 78 56 70 66 56 28 9 29 67 29 72 55 56 23 70 70 23 56 38 19 57 79 29 66 66 96 67 82 45 72 9 56 27 92 9 23 55 79 66 52 9 96 50 62 56 87 67 45 57 67 79 53 79 49 56 34 57 66 73 28 91 19 78 79 4 75 76 62 67 70 52 96 19 52 56 79 45 52 66 42 75 27 67 49 67 57 53 23 75 57 52 38 66 66 23 9 9 70 27 66 52 38 9 9 9 38 70 69 29 42 72 66 23 28 29 79 79 92 66 38 62 49 42 79 82 82 73 70 70 42 70 42 82 52 82 92 92 9 57 79 66 56 72 4 67 67 69 91 75 96 82 75 45 79 55 49 96 73 67 56 72 9 49 56 75 66 73 9 62 52 23 72 96 56 57 82 66 82 29 23 66 57 29 78 29 49 62 79 66 67 29 91 45 56 34 45 28 19 4 67 78 70 52 70 75 45 19 57 92 57 67 67 23 78 70 28 52 62 91 9 75 75 82 42 56 23 50 23 67 56 27 76 56 55 70 23 75 67 29 66 27 45 72 75 87 87 50 82 42 70 75 73 92 69 72 45 52 70 56 45 45 96 38 28 82 62 79 4 23 70 82 34 23 34 62 29 78 23 52 19 76 73 23 52 92 29 53 52 70 45 34 9 66 52 29 50 55 66 38 56 96 82 82 67 75 75 9 55 9 55 66 72 4 82 66 66 75 34 4 45 66 50 67 79 56 66 56 29 52 29 38 38 73 67 96 70 76 4 50 75 19 72 75 4 82 52 49 38 49 53 66 82 92 75 82 79 69 9 67 49 67 56 52 23 49 42 87 79 56 91 66 66 9 53 66 50 50 27 67 75 56 28 79 34 66 9 29 67 76 66 56 66 56 76 87 53 72 29 56 19 50 82 92 29 75 9 9 49 45 72 56 57 66 56 66 66 92 29 29 79 91 69 72 19 27 4 52 66 9 62 79 67 53 45 34 62 52 67 45 92 28 38 70 52 70 75 92 53 92 79 75 29 50 50 91 52 72 27 27 79 23 92 70 53 70 69 52 52 34 79 82 72 73 19 56 76 82 27 62 45 45 42 67 72 9 91 75 66 69 29 34 57 66 56 79 79 23 82 76 9 29 69 82 66 23 34 9 56 67 72 23 79 66 76 57 69 23 75 38 55 69 50 72 42 56 75 66 96 56 42 56 38 52 23 9 55 9 67 70 56 29 49 72 42 49 38 53 38 87 91 87 62 50 82 66 56 70 4 23 57 62 29 96 82 75 42 66 62 66 52 72 29 92 79 52 23 87 82 70 66 28 87 49 92 66 56 53 38 27 4 56 75 56 56 28 52 66 66 62 19 75 57 56 69 23 72 70 76 55 23 49 66 82 62 79 78 91 62 27 79 56 72 56 66 55 56 72 56 87 92 52 96 66 38 9 56 56 19 53 34 27 91 53 66 23 53 56 75 56 72 38 55 82 56 72 38 29 96 87 67 72 72 38 28 42 66 38 92 79 34 28 75 92 73 72 75 23 79 56 78 76 50 56 49 52 66 72 52 62 56 29 91 78 82 79 79 4 38 91 72 29 4 53 49 69 29 9 19 76 96 70 82 38 52 78 66 49 72 56 92 73 96 73 66 27 23 78 70 38 42 19 57 75 45 76 91 66 45 69 49 29 38 50 28 28 67 66 66 27 78 38 23 38 76 4 55 49 9 38 45 72 56 70 49 28 9 66 66 28 52 28 38 23 29 75 56 38 96 75 23 27 79 19 9 52 91 34 79 29 56 76 38 55 79 79 91 62 23 66 19 73 53 79 66 92 19 73 72 38 45 56 49 56 82 28 29 42 50 38 87 38 29 73 79 66 52 66 23 50 67 34 38 67 62 28 91 38 52 52 34 23 92 29 52 66 78 45 75 79 66 23 70 19 66 82 9 50 62 52 9 50 29 87 19 62 38 66 62 66 75 27 78 73 56 19 62 75 52 56 52 27 4 19 70 66 91 38 29 67 28 49 38 66 66 57 55 82 82 66 82 79 9 91 9 4 57 23 78 23 66 56 69 72 28 70 96 50 62 53 79 9 29 52 45 56 62 50 56 52 67 4 38 82 23 52 34 9 57 67 56 29 72 27 92 67 50 76 69 29 96 29 66 52 19 79 38 96 67 9 91 55 4 70 91 56 87 75 4 29 72 69 29 66 79
433784 170400 5171 23760 152
5000
89 30 35 23 89 37 11 93 29 23 98 71 86 93 99 97 37 97 40 81 6 35 25 43 31 43 70 89 54 70 35 78 90 97 25 33 70 43 29 98 90 89 98 3 31 88 78 94 43 40 89 78 88 35 81 81 54 49 23 88 81 67 30 97 86 49 98 67 49 29 97 49 25 78 33 81 96 43 98 99 37 27 43 97 86 88 89 35 53 23 89 81 94 43 54 31 23 67 88 27 89 31 4 70 33 71 81 89 29 30 86 11 28 31 98 88 11 81 29 89 68 64 78 93 98 30 81 54 25 81 98 30 33 33 67 93 70 67 67 81 93 88 81 81 43 98 89 64 89 6 54 4 86 88 64 89 68 98 64 88 67 30 64 81 35 69 31 81 96 53 67 43 31 23 69 30 30 28 67 43 37 89 89 69 23 40 33 94 89 43 81 85 90 99 11 96 25 85 30 6 89 25 81 88 89 43 94 78 97 53 43 99 25 43 89 43 6 81 98 43 68 29 69 33 25 27 53 35 11 94 37 97 23 31 69 93 29 43 69 90 93 93 96 98 33 98 40 31 54 27 89 71 89 37 88 94 98 71 23 88 71 29 81 90 23 31 81 98 29 88 25 89 25 89 68 49 88 28 96 35 53 25 93 25 4 40 70 68 86 28 23 94 93 99 89 4 40 81 88 99 86 89 31 86 23 99 25 53 29 4 49 43 49 54 23 29 89 30 93 90 68 33 98 85 43 35 43 28 64 81 43 69 43 31 99 67 64 43 93 89 27 85 23 43 54 31 28 64 43 54 11 85 68 81 93 78 11 23 49 78 88 88 25 85 81 97 33 88 53 27 31 99 69 43 49 6 86 25 33 85 29 89 64 37 81 88 49 89 33 89 49 49 93 4 98 93 23 93 85 29 85 3 69 88 27 99 23 68 54 40 97 31 85 85 53 23 98 29 29 64 68 49 35 35 4 35 33 31 99 81 54 88 85 71 69 85 81 93 88 27 31 37 88 43 30 64 98 86 6 40 30 29 89 43 81 81 54 88 31 88 67 71 68 90 54 25 3 78 31 3 89 78 98 85 37 40 96 99 98 98 49 90 78 40 86 40 4 37 86 93 96 85 98 43 70 94 88 98 29 43 71 67 97 35 64 35 29 88 85 27 31 23 30 88 23 31 89 81 31 29 54 81 25 30 33 81 69 33 53 81 37 67 53 98 30 97 67 85 97 86 93 89 28 49 98 88 78 85 89 33 25 31 88 89 71 71 85 3 37 43 30 71 68 86 49 99 81 81 6 89 71 64 3 70 23 85 43 11 93 85 37 37 31 33 68 29 43 99 86 27 89 85 43 33 99 93 78 64 4 49 31 23 96 69 33 67 96 53 31 89 70 69 33 81 3 33 78 90 88 85 49 6 43 3 28 89 78 54 96 85 89 86 3 71 88 69 67 31 33 40 29 43 94 3 94 70 67 53 35 86 35 89 54 86 69 85 28 89 89 99 33 89 64 86 85 28 89 49 81 28 89 93 67 94 31 31 30 98 33 98 25 89 98 97 69 43 30 98 54 43 94 85 68 31 89 89 25 64 85 40 6 33 43 88 53 89 64 29 99 85 54 37 70 98 89 94 85 29 35 23 98 93 6 81 89 3 28 3 33 70 99 93 43 89 69 85 70 43 31 27 40 29 93 6 88 89 30 64 85 53 33 23 88 97 4 88 85 53 27 64 67 90 3 94 94 68 67 29 3 53 68 93 88 11 86 53 88 89 43 71 85 53 31 31 69 88 70 33 88 43 93 89 90 23 93 43 37 31 88 96 30 99 71 69 49 99 97 88 53 49 67 71 81 89 23 23 33 33 30 68 78 29 23 85 81 93 43 27 4 98 94 99 93 89 29 69 68 30 71 93 25 89 93 31 33 6 11 81 97 90 35 86 89 99 11 43 78 11 6 49 81 43 40 70 93 49 33 27 98 68 68 88 89 67 6 89 89 43 88 88 27 98 88 28 53 33 89 98 31 98 31 53 33 43 68 78 43 97 85 23 23 23 81 90 33 85 23 68 33 85 27 53 90 33 54 25 33 81 71 89 40 88 97 81 35 6 43 28 71 28 4 27 89 3 70 43 70 43 30 98 28 29 43 28 94 33 37 30 49 4 89 23 3 88 37 86 11 53 88 88 90 69 30 53 71 31 33 43 96 4 23 6 88 78 3 78 90 70 40 31 68 37 96 67 89 64 88 78 43 11 85 53 81 31 69 89 98 43 27 88 25 78 11 29 93 89 96 70 88 98 89 99 89 99 23 27 97 98 54 93 81 69 35 94 31 97 33 71 33 98 4 53 97 88 69 85 27 71 31 31 4 28 81 43 40 86 88 98 33 31 25 97 3 69 4 93 81 23 6 93 43 71 71 64 23 35 88 64 96 33 89 53 90 33 81 6 64 85 71 70 37 33 85 54 70 96 29 89 94 81 23 89 43 11 11 98 81 33 85 40 6 23 70 98 40 98 89 53 37 94 69 71 98 90 43 29 37 81 96 96 23 43 71 67 29 6 23 49 43 29 49 86 49 49 6 69 97 35 94 43 78 28 93 43 6 53 98 4 28 89 28 23 35 88 54 99 98 93 37 53 90 33 69 64 4 98 89 81 96 25 29 6 88 31 89 28 4 29 33 89 78 69 49 69 88 49 3 23 27 43 81 69 85 96 23 71 28 11 33 4 37 69 89 88 4 4 70 43 70 97 6 88 94 90 49 27 33 68 85 88 33 96 30 89 89 35 89 89 43 33 28 43 54 85 3 30 70 33 86 93 43 68 35 69 93 33 27 33 85 99 93 33 31 88 4 43 53 68 78 89 89 6 81 70 96 49 43 97 96 31 93 49 54 85 3 43 43 40 97 25 23 35 33 85 11 23 93 94 86 43 43 3 98 98 94 27 23 27 6 98 89 98 3 88 3 81 31 49 53 94 94 67 49 23 90 43 93 23 28 40 68 29 93 78 31 35 67 89 33 35 43 33 29 89 33 54 23 49 40 98 89 89 89 64 94 88 93 23 89 71 70 23 64 89 86 28 70 6 88 81 43 93 78 31 11 43 33 89 33 94 69 89 23 94 33 35 25 89 97 29 81 93 89 49 43 33 43 30 23 3 78 98 81 54 23 71 49 64 35 88 30 93 43 70 85 6 25 29 29 25 69 71 30 40 53 90 33 23 86 71 88 67 6 85 31 35 3 98 88 81 49 88 85 97 25 89 54 37 33 93 71 89 4 29 81 25 70 89 71 90 89 88 3 27 4 37 40 69 43 43 3 29 30 67 89 43 78 97 43 28 64 43 31 25 69 88 98 98 71 71 27 28 96 35 67 98 70 43 68 98 33 88 43 31 43 78 78 86 81 23 85 23 81 89 28 81 4 29 98 88 67 90 25 88 85 68 81 89 4 37 68 89 25 86 98 25 78 28 90 23 28 27 68 93 86 49 88 88 86 40 93 93 28 99 68 25 27 54 11 33 98 88 97 89 4 81 3 37 23 90 33 40 30 49 64 23 97 23 85 89 23 89 81 81 88 43 49 99 3 43 90 27 97 97 69 54 71 37 86 23 40 64 81 89 30 23 6 11 85 89 88 71 78 68 98 35 11 69 31 23 54 71 30 4 49 69 94 99 96 81 98 69 54 33 69 6 68 28 43 29 35 96 81 25 31 86 70 88 27 85 43 99 93 81 94 31 43 98 43 54 93 88 27 54 98 99 97 89 81 93 40 71 30 89 31 53 33 11 96 27 93 30 25 31 89 11 54 28 33 43 94 31 23 85 90 98 43 90 4 86 6 35 97 81 93 81 78 67 69 3 90 90 3 4 4 6 11 53 29 23 85 98 28 25 40 35 85 81 54 93 71 89 40 33 98 35 43 85 97 81 23 89 11 70 97 4 70 43 6 85 43 88 78 53 71 11 54 43 53 85 43 40 3 81 99 88 11 71 29 29 23 88 43 69 6 33 43 43 90 3 23 29 85 78 70 3 43 71 70 94 89 27 99 64 53 90 81 97 86 54 88 11 98 31 99 93 78 64 43 28 89 43 94 88 4 6 93 43 97 86 67 23 43 28 31 96 33 88 90 89 68 68 28 53 43 30 43 97 85 23 54 49 28 85 93 54 67 33 11 98 93 25 31 99 94 93 40 29 37 67 30 33 30 35 88 99 11 40 37 43 97 88 40 93 67 67 43 23 90 30 29 67 81 67 23 90 31 28 31 81 81 40 11 90 69 30 89 69 43 98 4 67 40 54 43 94 78 54 88 28 3 89 71 88 4 64 86 43 29 78 89 71 43 85 71 31 54 67 31 3 31 43 88 81 88 37 71 31 90 86 85 93 49 40 27 78 31 70 53 89 53 88 98 43 89 33 89 49 43 40 96 96 64 88 81 81 88 88 89 35 98 49 30 43 23 89 49 25 85 89 68 88 4 68 43 11 31 31 43 89 96 89 71 64 98 49 29 85 43 85 4 88 4 33 28 93 27 98 35 25 23 33 3 94 89 99 93 90 85 99 4 98 67 98 70 25 88 88 3 98 33 30 31 23 98 89 98 29 81 81 37 88 93 97 30 54 31 27 85 37 23 89 98 96 37 94 11 97 78 98 53 43 97 88 6 49 11 4 29 81 89 37 78 90 33 40 70 97 90 94 81 29 43 43 89 27 70 88 90 81 30 89 30 89 33 43 67 43 86 23 43 94 28 31 69 88 70 40 86 70 3 43 90 85 99 3 11 96 25 33 64 98 11 43 40 43 94 67 89 89 6 43 31 43 43 85 4 28 30 25 37 28 78 94 27 54 40 43 67 98 33 23 11 97 35 88 98 88 96 43 89 89 23 96 43 86 3 4 86 43 67 81 3 90 78 98 33 89 64 43 93 85 33 85 4 96 89 28 81 49 90 3 85 53 69 93 88 43 69 28 93 49 64 94 3 4 81 89 85 29 98 98 3 4 54 99 11 88 94 53 93 11 30 53 96 31 99 31 93 31 28 98 25 90 53 54 43 85 86 43 37 93 6 88 53 54 70 85 35 90 96 23 86 69 98 43 29 64 85 37 3 89 37 85 98 99 93 43 33 89 33 4 89 96 29 86 85 98 43 33 64 71 23 88 30 30 43 43 25 86 37 69 49 33 53 37 71 25 88 88 81 35 98 43 86 35 6 64 64 67 30 85 88 89 43 33 37 90 93 29 71 35 96 90 3 31 33 6 96 93 67 64 93 85 97 23 35 6 37 3 85 85 85 3 71 27 69 70 37 98 81 98 31 89 98 11 85 98 96 43 11 49 85 23 49 70 43 81 25 4 23 11 43 85 53 78 53 96 96 97 89 31 69 86 33 43 99 94 33 33 68 67 43 3 70 89 4 37 43 40 33 37 93 53 43 11 81 33 85 64 89 98 3 93 54 35 93 28 89 98 23 43 70 90 43 43 64 49 68 29 93 6 23 31 29 93 97 23 11 94 93 27 90 28 30 69 33 85 94 97 40 89 27 93 33 53 89 49 30 25 6 93 54 88 81 85 40 31 67 64 86 53 70 88 93 49 54 31 40 89 71 35 33 43 29 88 98 3 96 6 89 29 93 86 85 98 43 43 93 98 69 6 31 54 64 71 30 11 4 3 4 31 11 23 4 81 86 97 43 43 89 93 81 90 93 6 43 89 89 37 31 30 54 85 31 43 69 89 68 43 37 27 49 71 98 70 78 25 40 98 89 43 6 23 54 27 31 23 99 33 96 23 88 53 4 90 89 94 40 85 71 29 30 99 23 30 6 3 93 49 93 89 31 27 94 35 23 96 85 35 81 98 43 23 33 85 89 98 99 3 68 31 81 98 90 11 78 99 11 98 43 4 88 89 43 11 69 78 99 81 78 70 69 49 23 98 53 98 81 85 78 30 64 89 67 86 85 88 33 40 93 43 27 6 4 71 70 93 4 98 33 89 27 53 89 96 30 25 99 11 78 93 96 97 54 93 54 53 25 43 93 33 96 27 23 81 11 71 25 25 98 43 23 68 93 25 40 28 33 86 68 27 28 93 35 43 70 40 90 54 93 4 29 43 94 31 35 64 85 99 89 23 29 96 23 89 27 93 49 81 23 98 81 90 4 85 27 86 23 85 89 90 25 88 30 86 11 70 88 6 89 93 37 85 69 33 81 43 30 64 88 90 97 89 88 90 35 88 85 67 71 23 67 30 23 94 85 31 93 43 29 71 23 28 86 31 89 81 96 43 70 43 33 37 25 6 40 86 85 43 97 31 49 35 90 96 88 98 64 68 43 27 43 97 30 35 78 64 85 68 85 89 11 33 23 28 11 93 33 11 35 85 67 43 28 96 88 88 78 33 81 53 88 3 86 28 89 88 33 53 31 43 88 54 89 30 70 43 86 23 94 23 89 99 98 85 27 64 85 99 94 6 85 81 71 43 37 31 3 67 28 35 96 93 31 67 81 71 49 6 31 81 89 86 85 89 43 88 33 3 69 94 49 93 64 25 98 31 33 23 99 98 71 81 99 25 81 64 85 31 68 37 68 23 89 97 71 53 29 81 89 71 93 27 49 31 28 43 43 89 68 6 53 11 27 90 64 28 90 99 37 25 64 67 69 69 64 70 81 49 31 86 98 40 94 23 71 70 96 86 89 11 11 88 29 88 98 89 69 69 70 81 96 90 81 81 23 35 67 70 68 6 64 98 93 97 93 89 23 4 89 98 98 89 40 31 70 3 37 31 27 89 81 49 11 64 33 29 11 43 31 43 6 68 43 30 88 78 6 31 70 94 35 90 43 31 94 81 29 89 35 94 6 93 53 6 85 88 11 78 89 85 86 30 88 94 23 23 64 11 53 98 97 90 69 25 78 54 33 37 89 69 3 68 86 69 11 53 94 89 29 70 71 70 67 28 31 49 31 11 68 33 40 85 31 35 90 88 40 4 37 68 90 97 3 98 97 89 27 43 43 96 31 6 78 25 67 99 85 78 29 54 85 4 67 86 6 54 30 25 67 93 33 90 69 85 35 37 40 31 78 31 29 89 37 43 6 23 35 29 98 97 49 40 25 54 6 11 94 93 49 85 23 23 67 37 88 90 99 40 93 40 68 93 97 25 97 43 81 35 67 85 11 49 69 99 67 11 96 93 68 98 90 96 4 35 54 43 94 96 85 98 35 70 68 81 70 29 86 93 93 11 37 81 33 25 31 90 90 99 90 30 43 89 4 43 11 33 86 97 31 89 98 37 28 31 64 54 37 35 68 85 3 54 3 35 93 3 27 85 98 27 93 31 23 54 31 43 3 6 54 33 54 98 31 86 70 64 81 88 68 23 69 88 70 3 98 68 81 54 70 37 30 98 27 89 67 85 11 89 68 6 49 85 31 40 98 43 64 3 37 6 93 93 69 29 11 33 89 98 81 88 78 85 94 33 78 37 23 86 54 23 68 99 33 94 68 89 27 81 98 98 81 6 98 31 78 89 30 99 64 31 23 85 99 99 43 53 4 33 23 35 70 11 81 54 11 49 97 81 93 43 30 93 31 64 68 35 85 40 30 23 85 99 85 64 89 85 85 99 67 96 99 37 85 3 43 31 90 53 67 67 88 85 94 40 85 43 70 85 37 85 97 3 69 71 27 43 98 86 68 97 35 89 25 31 43 64 85 28 89 68 85 93 4 69 11 23 88 88 89 29 94 94 64 6 33 25 43 96 68 6 4 25 81 35 43 43 99 49 37 30 23 97 28 67 31 88 28 40 23 89 98 43 70 23 78 89 85 40 78 78 31 94 81 99 89 67 33 30 43 70 30 27 23 43 99 90 94 33 68 6 25 89 85 43 43 43 81 30 68 99 49 97 64 53 99 28 88 33 93 89 31 85 98 90 54 78 85 23 89 23 31 6 23 33 85 89 88 33 68 33 89 33 89 78 6 11 43 98 69 54 88 33 93 85 99 85 93 93 81 64 94 43 31 54 30 93 37 37 43 43 86 85 40 94 78 31 33 70 89 29 30 43 33 3 11 53 89 88 78 89 99 40 93 90 23 31 78 33 94 40 53 31 35 99 89 53 53 99 81 27 40 88 25 54 93 3 86 3 93 3 54 70 4 49 23 3 37 23 89 68 89 33 23 53 31 23 69 4 37 43 54 43 25 96 85 64 98 89 94 88 3 81 43 70 43 98 3 11 69 3 28 78 89 69 3 69 33 98 86 23 70 43 71 37 25 70 97 40 53 31 86 33 4 71 11 27 67 70 4 23 99 90 96 68 35 31 98 23 99 31 37 4 85 31 43 43 33 25 37 97 88 78 67 93 33 43 67 4 89 86 78 31 98 27 96 89 98 35 25 81 85 37 93 99 4 33 81 11 68 71 30 93 94 96 33 71 28 35 93 98 28 43 89 90 85 37 33 71 37 93 69 43 94 98 89 67 96 67 93 96 96 25 29 35 69 89 49 89 98 70 30 28 29 64 11 53 27 25 89 78 89 11 29 29 33 33 97 90 68 6 94 85 86 40 37 97 33 33 33 27 89 11 49 93 81 68 88 23 93 94 27 94 64 35 43 23 88 31 89 43 96 70 99 99 98 31 30 43 71 28 29 81 98 23 68 81 96 67 88 68 89 29 54 11 81 33 67 88 37 3 33 98 86 6 25 43 99 71 29 78 81 4 96 11 28 43 37 35 23 70 33 23 71 89 6 53 89 93 54 53 33 89 96 31 81 40 81 31 85 89 6 81 28 43 86 23 43 78 49 68 89 89 94 33 98 96 78 54 93 23 98 90 3 11 89 35 40 27 3 64 53 81 4 43 6 27 98 68 81 53 30 31 23 31 43 86 86 31 88 6 98 90 31 90 90 93 96 81 40 27 35 93 88 33 99 31 31 27 93 89 98 93 64 43 78 93 23 29 70 81 23 93 94 99 11 97 64 69 28 94 89 53 93 96 3 3 4 88 37 49 30 25 28 29 43 43 69 90 78 89 49 27 69 6 25 43 37 86 89 88 37 37 85 27 68 81 28 93 89 93 71 30 88 86 35 27 67 35 31 71 64 89 30 85 96 86 70 4 94 6 33 54 99 97 31 98 43 71 88 70 67 81 69 25 53 67 88 31 98 93 81 68 23 97 88 27 93 33 28 68 30 89 4 53 31 88 78 40 89 97 28 37 93 81 96 54 11 89 89 25 89 64 4 33 88 67 88 81 37 37 37 97 69 11 85 35 33 86 81 89 85 89 31 98 43 6 93 43 3 97 6 88 54 89 97 93 64 33 88 99 81 40 93 31 33 81 94 70 6 85 25 89 31 81 29 89 33 6 98 27 53 85 23 25 70 31 23 97 28 89 94 67 43 93 78 71 86 54 97 81 49 53 4 67 43 6 29 29 33 93 30 71 64 98 43 23 68 89 81 6 31 85 78 31 85 67 43 27 28 71 27 43 93 23 70 43 31 71 23 69 69 40 89 93 78 54 86 40 81 23 31 99 90 23 25 81 89 53 98 71 89 90 88 31 33 67 85 68 43 96 64 67 97 31 96 28 33 93 97 4 70 97 35 25 37 43 98 28 88 29 89 54 68 31 35 89 85 40 43 49 96 88 4 27 85 53 88 99 25 85 85 89 23 31 11 85 88 98 27 23 28 85 43 35 89 28 68 31 93 27 49 31 90 88 3 33 96 93 43 94 64 94 94 98 64 49 37 98 43 89 23 31 4 6 54 6 68 81 37 90 81 23 88 98 67 98 85 40 68 86 25 23 78 86 68 89 64 68 89 27 81 78 90 98 70 93 96 40 33 88 33 43 94 53 23 28 28 23 85 69 88 35 40 64 64 53 64 25 31 96 30 43 35 30 53 67 37 49 11 90 30 88 81 35 43 49 23 70 33 54 90 93 69 27 96 86 89 37 89 90 98 23 33 93 99 81 97 98 49 70 96 40 71 86 11 28 33 96 43 78 71 96 33 31 31 31 31 6 28 97 67 49 3 33 54 43 33 70 33 27 81 88 89 98 11 81 37 98 96 89 98 67 99 35 94 40 85 27 98 69 27 40 3 94 11 3 29 88 33 85 28 81 25 49 98 81 68 90 49 23 71 88 86 96 23 28 43 64 40 70 6 4 33 98 78 43 28 53 93 23 4 89 97 85 78 29 78 23 98 67 28 29 68 43 54 29 88 6 43 23 93 71 33 27 33 23 43 64 35 30 85 54 89 40 43 94 43 37 93 68 89 97 85 99 23 78 43 27 97 88 31 86 97 31 68 64 40 69 93 23 98 23 54 94 3 31 35 88 98 71 27 90 53 4 33 89 94 85 23 43 31 93 43 49 96 11 93 81 28 31 68 93 69 86 30 86 33 64 28 25 81 43 94 33 96 25 88 11 89 81 31 98 70 93 86 90 99 53 3 89 30 49 89 69 30 35 96 81 23 81 85 97 89 93 43 30 31 23 40 78 49 97 69 88 85 64 53 69 69 98 78 6 93 99 6 4 98 81 31 85 3 86 4 33 33 67 40 43 64 78 67 23 68 93 23 31 96 71 69 68 93 81 64 33 89 40 30 99 85 4 78 97 33 31 98 85 23 67 88 96 81 43 4 93 93 98 49 6 28 85 69 3 4 97 89 71 43 88 67 88 93 54 28 31 31 81 11 89 23 31 70 93 43 35 28 35 94 89 81 81 43 97 68 35 70 43 81 98 98 43 93 85 43 23 99 85 71 33 81 23 33 88 98 99 23 97 85 4 43 90 53 90 40 37 30 53 54 3 98 53 33 31 98 27 81 96 3 25 40 64 25 94 6 6 40 43 89 99 93 67 89 67 30 85 28 69 23 88 31 88 33 99 64 90 33 88 89 40 23 40 30 33 54 31 93 49 96 89 89 6 25 4 68 6 54 28 23 28 70 64 31 81 33 54 43 23 49 54 67 40 43 81 40 27 81 4 85 67 40 81 93 71 67 88 93 93 29 43 94 88 93 68 23 27 85 98 37 70 89 64 25 53 23 35 93 3 25 31 93 89 33 93 93 43 29 53 4 4 54 4 33 89 94 96 98 89 78 31 97 23 78 27 11 99 99 53 29 4 23 71 94 11 23 99 85 81 27 3 31 70 81 64 25 69 93 78 29 98 37 27 35 31 89 54 81 94 86 3 33 78 81 85 43 31 78 86 85 71 31 81 23 3 81 71 88 93 27 25 53 71 4 53 97 89 86 85 96 27 71 78 23 28 31 68 98 35 71 31 6 30 85 33 98 93 70 90 85 49 81 49 85 27 3 54 43 31 43 89
313950 29250 14952 113760 7936
5000
11 98 20 81 85 47 54 87 81 59 81 22 87 87 38 38 35 81 51 97 54 54 35 59 81 13 54 35 50 19 59 38 66 97 81 87 16 18 64 20 59 47 89 81 64 35 97 18 21 63 64 98 51 69 18 98 81 54 54 20 19 97 87 97 59 35 35 57 97 47 57 54 64 59 98 38 92 11 16 35 87 81 77 11 50 59 85 13 69 81 85 59 69 20 69 59 7 89 42 57 64 59 81 47 21 12 54 50 38 87 64 38 7 59 64 77 35 19 12 47 87 81 54 87 59 54 26 97 57 59 47 47 42 11 57 59 92 97 16 64 54 63 47 11 92 22 57 18 98 85 59 20 81 97 47 16 87 98 47 66 19 51 42 47 57 21 22 89 57 77 81 12 8 81 16 81 21 98 89 69 66 19 16 92 20 85 81 87 16 97 13 59 85 13 20 77 8 85 7 85 69 92 8 64 85 98 98 54 81 28 18 66 59 54 63 59 13 11 97 77 35 13 50 98 98 20 81 57 81 7 57 98 59 81 81 18 16 77 20 85 7 69 54 8 87 81 20 28 64 57 85 38 57 54 11 47 26 59 28 21 98 54 47 87 77 38 20 54 47 59 13 22 19 54 7 54 64 28 59 28 28 66 8 87 87 47 19 13 64 20 18 7 20 13 18 47 50 18 20 35 13 98 89 8 87 97 20 20 7 42 20 20 69 98 7 54 35 21 47 77 87 22 63 87 21 42 7 59 47 21 97 11 77 47 18 63 38 69 64 81 69 59 59 66 20 92 22 59 92 59 47 7 16 11 54 54 81 81 20 42 64 59 50 20 12 57 16 19 97 38 85 8 8 69 38 57 97 22 59 97 47 13 28 81 8 19 98 47 64 50 98 81 38 47 11 35 98 7 98 81 42 21 92 87 18 18 47 54 54 42 63 13 63 89 22 98 47 54 28 54 16 38 64 87 54 69 81 81 13 20 97 69 54 59 81 92 81 64 13 64 35 47 22 50 97 64 51 13 81 57 16 92 98 54 57 13 69 87 21 11 87 81 81 50 85 63 81 11 50 66 77 54 42 87 98 66 16 64 51 59 92 13 87 26 20 85 50 38 47 47 77 92 38 66 8 59 81 81 21 47 42 28 16 18 66 47 87 77 59 98 89 47 87 42 22 59 22 89 57 87 26 57 8 87 81 97 47 69 59 47 18 42 13 64 20 38 54 26 22 20 16 8 54 89 57 12 57 64 81 98 81 8 59 22 22 47 87 63 13 54 89 42 19 21 54 97 64 57 19 57 50 54 87 87 54 21 8 22 59 8 59 21 13 51 47 59 59 28 11 42 50 97 47 98 47 57 66 28 87 57 38 20 7 21 16 97 21 92 26 81 22 13 7 59 47 59 21 98 59 50 97 26 85 66 89 89 18 98 59 69 97 20 59 54 98 77 20 81 51 22 19 64 19 59 20 98 51 28 16 85 13 54 77 69 64 47 54 38 98 18 89 59 38 47 63 81 35 19 63 28 50 54 8 98 54 64 89 81 35 13 59 21 35 97 85 66 63 98 21 11 18 97 59 50 47 54 22 77 97 59 81 98 64 38 13 47 47 26 38 59 57 97 18 66 22 85 12 50 59 12 12 54 97 54 16 11 47 57 54 81 54 63 26 87 57 98 51 63 20 77 92 20 50 26 59 42 69 59 11 77 92 59 87 64 92 89 54 50 11 57 89 85 98 11 81 85 35 51 59 92 77 57 87 47 98 59 12 54 13 42 64 64 89 66 38 13 47 20 85 28 18 18 63 64 11 16 59 54 66 98 28 64 35 13 81 77 16 69 97 81 54 66 50 28 97 18 35 59 20 97 97 57 77 47 89 13 54 97 59 64 97 7 66 66 20 85 85 26 22 38 98 69 81 47 38 16 35 22 98 98 66 13 64 20 35 26 12 63 54 59 57 26 11 20 89 50 16 18 87 12 97 47 38 42 8 50 98 20 7 69 12 21 54 87 63 38 57 20 18 98 66 19 54 20 26 54 51 28 64 22 87 98 59 26 87 11 92 42 11 38 13 20 7 57 54 59 20 87 69 54 26 64 97 38 11 69 47 51 59 7 8 38 50 81 87 57 13 12 64 59 47 16 63 54 89 57 59 13 57 51 35 35 92 42 97 47 54 81 35 64 64 81 63 54 69 38 26 11 81 66 28 54 19 59 38 77 85 21 21 87 66 19 92 21 54 21 63 26 19 26 59 59 81 97 20 47 11 28 26 97 13 20 81 57 59 28 54 59 8 54 11 66 26 51 47 59 35 28 63 11 11 38 8 87 54 81 51 38 20 8 97 50 13 87 20 28 59 42 50 64 11 66 13 66 97 97 87 47 42 57 57 38 11 59 18 28 18 47 87 92 98 98 77 89 18 59 35 87 85 20 92 54 97 87 87 87 63 97 20 59 97 7 63 21 11 59 81 77 64 13 97 59 64 13 20 38 51 28 54 97 59 22 64 64 42 57 54 87 69 11 69 81 64 66 22 22 98 26 8 20 87 54 8 21 81 87 64 42 59 77 51 21 28 59 57 19 87 98 54 97 51 59 12 18 8 13 11 28 47 57 92 98 19 54 97 59 54 81 21 98 89 18 98 63 13 59 98 54 87 12 26 54 64 57 81 66 50 81 7 54 13 54 13 16 50 87 26 85 11 28 51 54 98 85 20 12 54 47 11 7 63 26 18 21 64 12 87 26 19 22 69 20 12 87 19 81 20 13 20 12 47 47 47 59 11 54 47 42 59 28 11 21 47 16 54 85 98 20 97 97 7 7 50 47 69 81 51 13 11 20 81 12 16 59 57 59 26 47 38 42 89 42 97 69 28 89 35 57 97 22 64 54 38 81 8 92 87 20 64 57 97 92 59 87 22 54 59 28 97 57 92 16 50 57 38 11 7 57 89 81 16 50 81 8 20 54 54 81 64 69 89 66 54 51 54 59 87 20 57 11 42 47 8 92 81 89 89 64 66 47 54 50 13 13 97 87 85 47 59 64 7 59 57 64 20 57 11 57 26 66 50 20 22 87 18 81 59 92 38 12 59 81 42 85 50 69 63 19 47 57 57 13 8 87 59 97 69 11 59 26 97 89 13 57 81 85 19 47 97 54 50 97 64 8 92 11 51 57 35 87 35 59 59 20 13 87 16 59 64 92 97 98 77 87 13 28 35 21 64 92 26 66 8 81 28 59 98 54 13 69 64 85 54 87 92 92 7 57 20 98 98 81 87 92 8 64 66 47 59 20 92 51 35 13 98 57 87 20 38 87 89 89 98 59 54 59 13 81 87 47 63 54 64 11 87 18 11 8 97 19 35 22 13 87 20 7 19 13 92 11 11 89 54 11 77 85 54 8 26 57 64 42 50 54 63 47 97 81 11 42 12 11 98 92 20 51 35 26 21 18 35 57 81 35 81 20 97 81 64 98 18 20 47 59 20 85 54 8 64 64 47 98 47 81 81 77 11 28 97 54 64 98 97 20 13 26 87 81 81 42 11 98 19 47 57 38 97 54 97 66 81 97 98 87 81 13 89 97 59 16 12 28 59 19 69 89 89 35 26 81 57 87 59 11 28 98 51 28 11 54 59 81 85 87 11 47 38 13 97 20 85 97 47 13 81 20 13 66 54 98 26 59 12 11 13 64 47 92 87 20 11 20 28 98 64 69 81 63 21 54 7 11 57 13 54 54 51 13 57 59 47 98 16 38 77 98 54 11 92 11 89 66 22 54 59 11 81 57 20 12 81 54 12 47 97 63 47 98 64 59 20 19 11 47 28 85 38 77 50 59 8 22 47 81 57 22 54 59 59 54 51 42 7 11 47 66 12 21 42 97 51 57 64 20 22 47 8 66 89 18 26 54 11 64 42 19 47 50 59 57 18 97 13 12 18 22 69 77 7 98 42 81 50 20 77 28 18 47 13 7 64 81 20 81 87 47 26 16 92 19 51 22 98 22 22 13 51 51 42 51 47 87 11 87 87 13 47 81 51 85 81 18 59 16 50 13 98 69 64 28 87 54 64 81 20 57 54 11 11 57 92 57 16 85 98 87 19 81 77 42 50 69 89 57 81 59 98 50 97 54 51 98 28 77 47 81 47 81 87 66 54 51 13 63 20 81 85 54 54 13 54 7 77 98 64 54 42 63 20 57 26 85 11 38 64 16 16 42 77 64 50 11 81 8 87 22 35 47 69 13 38 47 47 13 81 66 77 11 18 66 89 21 38 77 81 13 51 63 89 89 54 69 11 47 87 59 66 35 59 50 98 98 20 28 35 38 42 11 38 47 89 35 47 77 47 64 13 42 19 59 26 11 98 47 28 87 13 22 54 16 50 97 13 16 57 87 13 77 12 35 64 47 87 81 64 57 63 47 11 59 81 54 19 98 7 11 57 11 47 85 8 59 81 98 11 21 35 64 59 66 59 54 98 59 85 16 47 54 50 47 64 57 19 63 20 77 59 12 63 64 21 59 18 54 28 57 50 28 47 66 81 63 20 57 47 92 54 19 81 16 47 47 51 13 63 57 50 59 20 92 81 54 98 57 50 54 66 92 69 47 97 35 97 13 11 11 20 69 47 97 89 19 92 81 81 81 59 18 11 87 11 81 87 11 18 22 26 54 98 47 97 28 47 64 20 19 19 57 64 12 81 64 7 59 51 13 47 38 47 47 18 47 42 87 64 57 98 42 26 81 47 64 12 64 20 81 38 35 47 7 21 11 87 59 16 85 97 47 7 42 35 59 22 98 21 28 19 63 97 54 28 19 59 8 54 81 19 54 77 63 54 64 13 81 50 28 7 64 19 97 47 64 59 19 89 64 97 50 11 12 47 97 98 57 50 20 89 28 50 26 89 7 7 69 11 38 13 69 64 97 19 57 59 8 81 64 97 54 59 47 47 20 47 54 89 81 63 18 64 57 47 8 11 57 20 11 21 28 42 51 47 38 59 98 64 59 98 63 47 38 69 66 63 77 42 87 22 16 59 38 47 7 19 66 11 42 18 77 87 59 13 21 97 16 77 18 87 11 11 85 50 59 13 98 57 57 59 81 54 97 11 97 47 81 51 21 42 59 81 42 81 7 81 85 13 54 35 59 97 98 87 7 8 92 59 92 35 47 77 97 11 22 59 18 54 69 12 87 92 54 64 98 63 87 12 97 11 57 89 47 54 21 16 47 18 92 12 81 16 42 97 63 16 20 22 66 18 8 12 54 47 51 8 20 38 63 59 54 87 57 38 7 22 97 59 85 97 12 77 77 42 87 22 19 97 42 26 20 38 64 16 18 16 22 42 59 54 81 11 42 21 20 85 20 89 98 77 11 8 98 26 87 59 87 87 20 59 81 13 69 50 8 13 22 20 85 20 13 20 64 64 13 81 57 20 26 97 8 63 16 87 81 59 98 54 54 69 54 98 42 28 66 98 19 64 47 47 22 26 66 26 69 8 54 87 81 20 20 57 57 97 26 8 50 54 26 59 89 47 64 7 57 87 13 59 57 12 35 81 57 26 59 89 47 18 81 8 54 12 59 77 11 66 7 26 35 85 64 18 66 50 85 64 8 28 59 21 54 89 97 47 11 13 20 51 20 66 8 87 64 59 59 19 7 54 18 11 81 28 7 92 22 87 28 13 47 54 12 97 26 87 22 42 47 59 7 35 51 97 81 26 47 13 97 47 12 54 54 81 42 7 92 20 81 26 59 42 19 51 7 97 11 66 13 77 57 81 54 81 57 92 98 47 13 8 21 63 19 8 98 11 7 35 47 22 16 59 50 97 11 64 59 16 35 12 13 47 81 81 57 89 28 59 63 13 87 63 7 98 22 20 54 11 18 20 57 54 57 11 42 19 54 81 66 47 19 97 66 47 98 89 97 59 63 63 63 35 57 59 47 42 11 42 54 77 18 47 57 47 69 11 7 89 26 7 42 97 47 7 13 7 59 50 54 97 11 64 28 12 69 35 47 66 7 13 64 81 50 42 13 8 26 59 11 13 87 97 47 28 59 98 47 59 87 81 85 11 69 85 69 97 81 22 8 69 98 89 38 47 64 7 98 47 77 92 64 7 22 54 64 7 59 97 81 18 77 87 66 20 98 28 66 87 19 21 11 13 20 13 18 26 13 54 77 63 81 35 42 92 81 13 92 89 97 97 81 98 16 28 57 51 18 59 57 20 97 57 69 12 81 92 47 16 64 57 98 54 20 87 19 20 18 51 54 51 59 7 8 18 20 87 69 81 92 97 22 42 54 50 20 64 11 22 87 59 81 92 47 59 42 97 59 66 20 13 97 7 20 89 64 38 20 77 64 18 47 8 20 38 12 20 64 11 21 22 16 8 18 63 54 42 54 89 81 97 38 66 69 87 97 63 98 98 81 57 85 63 69 81 64 26 20 50 59 64 16 47 64 64 42 92 98 11 12 57 11 59 19 51 57 47 69 66 19 59 51 12 87 97 54 63 98 8 66 87 11 28 59 57 64 81 97 28 77 13 20 47 77 59 54 8 54 54 51 85 47 54 59 22 89 97 22 13 47 57 59 87 20 97 54 20 66 8 11 28 26 42 21 66 69 81 11 81 59 35 81 47 54 98 77 98 21 50 20 22 18 59 51 28 64 81 22 64 81 13 51 77 81 7 57 16 28 51 98 98 47 64 12 92 54 89 20 69 87 47 19 35 51 57 97 12 85 57 98 81 59 64 89 97 92 87 21 12 13 20 81 66 77 97 50 7 85 22 57 87 57 51 20 11 64 20 98 87 66 19 47 85 81 8 11 38 35 98 77 8 59 35 20 42 54 12 11 54 87 81 51 81 7 81 7 87 87 64 13 11 13 26 69 47 38 20 50 97 7 21 59 51 89 11 20 98 50 47 21 18 97 11 81 97 13 59 8 8 98 64 47 64 51 97 64 22 38 97 13 87 18 77 35 89 69 12 11 13 51 54 8 18 16 20 64 77 13 57 51 20 97 11 85 11 18 85 57 11 35 11 69 64 81 51 20 20 11 98 87 47 59 97 57 18 12 8 11 8 26 81 59 47 7 63 54 51 59 54 87 20 85 8 77 11 38 92 54 50 81 98 81 21 13 54 22 92 8 87 38 81 47 19 59 12 21 89 81 87 11 50 92 12 64 66 22 98 77 59 54 20 69 77 63 59 85 57 54 21 12 98 11 98 64 57 64 18 22 64 98 26 13 59 16 11 81 51 63 69 19 19 63 54 8 7 64 54 64 98 69 16 11 13 98 35 85 18 21 85 97 59 26 92 51 28 11 54 26 64 35 47 92 21 16 81 47 81 11 50 11 18 11 54 20 11 89 97 98 28 66 20 57 64 50 59 81 13 47 20 47 19 13 54 12 22 21 11 8 92 42 81 20 66 77 59 59 87 77 7 47 47 89 66 20 51 28 19 92 12 13 20 57 13 69 47 35 85 7 81 98 26 11 81 92 38 13 38 98 69 47 26 97 54 97 21 97 81 54 57 13 11 81 85 21 21 47 54 63 54 57 20 97 59 77 59 11 47 22 47 35 77 57 87 59 18 85 19 47 54 66 51 63 87 26 11 64 16 18 59 63 85 59 20 19 97 12 47 18 38 97 81 18 47 54 47 54 97 11 57 98 54 85 38 77 89 98 77 54 16 97 12 85 98 87 11 85 18 54 20 20 64 42 38 57 66 66 97 11 98 47 21 59 57 8 85 7 22 64 92 47 20 20 42 26 85 35 28 81 13 85 69 47 47 77 57 89 81 59 42 59 57 42 54 18 54 47 97 59 97 64 47 98 81 13 13 54 47 57 50 47 20 20 42 47 35 12 81 18 11 87 81 13 64 54 66 51 98 98 13 11 35 85 98 77 87 22 59 57 69 81 21 13 13 51 11 57 64 22 16 35 63 13 59 81 16 97 54 50 87 63 26 59 35 19 11 87 54 81 59 87 8 63 8 28 59 59 20 54 21 69 59 98 54 20 89 87 57 50 89 18 98 92 97 13 12 38 64 66 8 7 18 16 7 11 13 47 98 92 63 81 92 57 35 59 47 11 47 20 8 64 81 87 51 47 64 50 12 87 28 11 20 57 20 87 59 81 26 20 59 11 81 8 28 92 89 50 64 54 16 92 54 13 18 87 87 47 13 89 81 81 22 50 87 81 98 12 50 13 26 42 87 81 89 69 57 97 97 57 42 87 18 13 66 97 13 85 69 19 54 77 89 16 51 51 16 18 20 20 16 11 63 87 54 28 22 8 97 11 59 54 64 63 35 16 47 12 97 66 8 54 13 66 59 22 12 8 69 11 85 28 12 85 64 64 7 21 69 7 47 42 87 85 8 54 35 63 63 54 89 11 98 69 16 47 64 81 85 38 77 47 22 87 11 26 63 92 11 59 47 16 51 66 47 59 54 21 97 89 64 63 35 22 69 77 97 38 35 87 50 22 19 57 11 28 47 47 81 81 47 85 63 47 54 81 20 64 89 87 64 97 64 20 87 66 16 42 26 19 13 54 59 81 47 11 59 47 89 11 13 98 47 87 47 77 64 64 77 28 7 35 47 38 13 98 21 21 57 20 21 12 16 81 54 98 81 69 81 87 59 22 13 13 81 47 47 98 81 20 66 87 57 81 47 81 21 69 50 21 13 87 47 85 63 66 64 13 92 59 59 98 12 89 26 12 85 69 57 97 8 20 54 81 54 97 28 42 51 35 97 47 11 20 50 38 92 64 20 11 8 8 35 13 16 54 47 26 13 12 51 69 7 20 20 87 64 87 47 47 50 47 98 50 81 50 11 81 51 98 54 81 81 47 54 47 47 19 89 47 47 18 89 98 63 19 59 63 26 8 59 87 81 81 57 26 47 21 54 21 92 87 22 59 87 22 54 85 47 69 26 81 97 59 81 13 89 81 89 47 13 81 54 59 87 22 87 50 81 47 85 19 98 81 13 13 12 87 54 81 54 66 81 7 12 57 13 26 28 21 11 16 57 97 13 38 64 35 98 59 59 63 21 57 11 97 92 42 54 54 20 11 85 97 28 64 97 87 92 98 50 12 47 50 50 13 64 89 20 54 21 81 8 81 47 81 97 69 59 18 57 51 63 97 7 59 98 59 57 54 89 13 57 87 64 13 98 81 92 13 92 11 50 63 81 8 97 20 13 51 35 69 98 47 21 69 16 81 77 66 69 35 26 42 54 54 54 69 16 7 11 47 66 8 16 47 16 13 98 59 11 13 97 59 87 12 19 59 47 57 47 97 16 26 16 35 16 42 7 38 63 13 54 20 92 20 85 16 59 19 28 47 98 59 16 13 92 81 20 12 13 81 59 51 51 77 12 28 87 59 57 63 50 87 19 7 89 57 8 81 19 11 19 47 92 81 51 18 89 64 26 47 21 77 97 51 63 85 47 19 12 13 22 16 50 22 59 98 54 66 59 22 81 16 16 16 47 26 92 59 50 57 63 20 77 35 47 57 28 11 92 11 87 47 98 21 38 57 50 18 87 77 98 92 13 22 47 11 26 47 59 87 35 57 87 66 97 57 89 64 26 97 98 57 87 77 64 51 98 22 54 19 69 11 51 28 63 77 81 12 51 12 54 92 18 54 38 57 8 50 54 12 57 59 81 85 21 54 77 85 42 13 98 57 13 47 59 63 57 21 85 98 20 63 26 12 81 57 47 69 50 13 77 20 54 28 54 81 81 22 16 7 57 81 54 98 12 54 13 92 98 92 54 81 42 13 42 63 7 50 64 47 20 81 89 28 35 47 13 38 28 13 87 85 13 35 59 7 38 69 35 98 50 97 81 54 11 42 20 98 20 28 98 28 98 81 38 42 87 54 13 13 42 59 59 8 81 54 98 42 8 66 7 16 64 51 59 57 63 59 54 81 77 81 59 77 64 38 81 19 21 59 59 87 77 19 69 57 47 57 18 20 38 38 7 47 38 81 18 87 54 89 28 47 64 81 98 57 7 97 51 47 59 50 20 54 19 69 54 21 47 87 98 20 98 57 54 64 66 59 13 97 19 18 7 47 22 11 97 21 16 64 54 47 54 81 57 47 81 35 13 22 64 22 19 59 81 38 26 54 89 59 81 81 16 81 66 57 19 20 97 81 51 20 18 77 64 69 51 81 54 47 13 19 51 97 47 57 66 98 16 11 35 97 47 54 38 50 54 54 13 98 21 12 35 54 13 12 98 54 63 97 16 11 47 54 21 69 26 66 51 42 50 87 97 81 64 54 47 57 26 8 97 38 98 47 42 54 22 47 57 87 59 47 89 81 38 47 85 38 98 77 57 20 35 13 51 54 64 54 8 85 16 97 38 20 59 64 47 19 85 59 50 92 57 77 54 59 54 85 7 64 11 92 51 59 11 92 28 28 26 19 54 26 69 47 19 18 20 66 64 47 22 57 35 54 98 11 57 97 57 35 18 92 38 11 98 59 97 87 13 87 47 38 81 97 64 66 11 92 97 57 11 57 59 66 54 51 81 20 47 57 64 28 54 81 81 18 63 12 98 59 22 42 21 47 7 12 35 47 98 13 13 8 57 35 8 69 54 21 19 42 47 42 38 77 57 59 7 51 13 59 22 28 77 54 20 81 81 47 57 57 81 98 89 12 59 87 54 11 97 26 22 57 92 97 85 28 26 21 59 98 57 97 21 63 59 69 64 54 57 16 47 81 63 20 85 13 11 59 12 98 54 19 54 35 63 20 21 98 13 35 18 12 51 38 47 42 89 51 59 7 13 13 59 19 54 12 28 54 47 98 21 54 59 50 59 47 66 47 20 97 59 47 11 47 64 81 81 59 54 59 13 21 59 18 20 18 47 19 16 26 13 97 97 42 38 66 89 66 28 47 22 59 92 19 97 12 97 7 87 7 81 87 98 13 11 54 11 12 81 87 64 85 64 18 98 64 64 81 64 47 35 7 51 59 97 54 16 87 81 59 26 42 12 81 59 26 97 19 81 81 22 59 64 69 21 12 26 87 57 57 26 11 20 12 54 26 47 13 21 54 89 13 63 21 13 47 54 11 54 59 47 98 63 59 12 92 7 54 57 47 85 81 51 64 81 59 20 81 63 19 7 8 28 21 22 98 26 81 77 89 81 64 35 11 64 64 28 7 13 81 59 57 64 77 89 69 98 28 13 81 98 20 51 28 19 54 54 54 81 11 19 11 87 54 59 54 64 87 19 51 16 11 54 66 54 11 89 81 8 87 38 81 42 47 59 57 21 21 13 12 64 59 63 77 81 59 98 54 12 57 57 77 54 20 18 35
378 150 456837 7469 312246
