6
13 16
19 15
14 16
19 17
11 11
16 17
10
20 14
25 21
19 21
25 14
30 21
28 25
21 29
14 12
12 19
18 23
10
2 3
3 3
0 2
8 2
7 7
6 1
9 4
0 3
0 10
7 6
5
-4 -3
-4 -1
-6 -5
-1 -2
0 -6
50
99 -9
13 -56
-64 -47
-12 60
-32 36
-4 44
-5 -24
-79 71
9 -91
22 -90
89 -40
60 21
99 41
74 0
41 -71
76 -87
-17 -95
80 -45
0 46
-79 12
-65 30
-83 -19
-83 88
-85 -5
18 86
-54 -40
28 31
56 50
62 19
20 21
-92 -91
45 33
81 -91
-4 11
-3 82
-76 6
-60 21
-42 94
-87 -31
-65 -59
91 22
-91 20
-96 87
18 27
98 -61
50 3
57 -50
26 79
61 -78
59 23
50
-49 -29
-18 -48
-47 -91
24 16
33 13
-37 -20
-95 -75
-57 60
-69 50
52 46
-73 30
-74 -83
74 59
1 2
4 -40
-78 -65
-82 -71
-23 -70
-20 -55
15 -9
75 -14
-70 65
29 73
-8 -48
-71 39
56 11
56 -13
-63 44
-66 34
-18 -90
-74 -48
69 -69
82 -79
47 -71
-66 9
54 -57
39 -73
40 34
-39 -39
-89 3
-67 -59
10 93
-11 -37
65 -18
-12 98
56 -21
-70 2
-54 90
98 -39
1 34
0
10
12269 10297
13390 13827
17006 17159
13441 18968
12815 18916
13815 16460
14616 12016
18828 13931
18685 11937
12461 19623
100
392 -3021
134 386
-2281 3835
-1769 834
-2997 2214
1759 -2973
4858 67
3305 -4083
-624 3416
3585 405
-1347 -560
-1871 1160
4716 2797
232 -3553
3981 1659
-2848 2691
4318 -4731
-3737 -4226
1846 -3355
-3314 1961
-2371 2482
-239 -2201
-4398 -2742
-1346 305
-1732 86
3397 2366
-4049 975
2680 3347
-1247 -2230
-2160 1653
-2278 -3683
-2326 4188
3212 4150
4912 -2490
3941 2340
-3473 -3171
-191 1082
366 1953
-4806 2033
67 3776
-2832 4471
-1331 985
4791 2929
-1111 4260
1538 1130
4667 4461
2746 743
4206 2030
3964 3791
-466 -2835
4080 4377
1352 4162
-788 -1201
854 -1167
-561 3092
2062 4821
720 3593
-733 3276
-1441 -820
4174 431
-1672 3530
-3502 -670
-428 1953
-131 -4798
-1973 116
2226 -1192
-347 1367
-3897 -1568
-4484 -4774
-388 -840
-4961 2107
3345 -2429
-2193 -1620
1898 1038
909 1440
1265 3462
-375 -3356
4972 3451
4129 -3320
2498 -3292
3889 -778
3243 1708
4398 558
-1874 -3379
-1989 1317
-1250 -4138
1762 -4661
993 -3305
266 4331
-4137 -183
1048 -1008
-4483 3037
3023 1967
-3538 3823
-3817 -758
-4910 4724
2048 4305
2990 -4451
-62 3824
738 -2502
100
3682 4435
-756 -2593
-2909 -2250
-2847 4785
4118 4697
1298 352
1519 921
4726 2447
-2445 2116
3446 -3162
225 1897
-1265 -3765
2476 -4913
-3471 -1878
-193 -3850
-706 3377
-2180 -4100
-1451 3628
3384 -387
-1777 2254
3282 -3850
-58 2541
-1514 858
1443 -3401
535 4626
-1608 353
-1103 -2290
-1938 3179
4594 -263
580 -4461
-4010 -3382
-255 4392
-2898 1038
734 4057
-2463 -4377
-3455 -273
-4202 -3041
-1628 1887
4509 4213
-2212 2541
-3090 -1747
126 -1717
-1115 -4090
-825 1090
-260 -710
3024 4934
-2049 1897
-293 -4743
-4802 1731
-893 -1246
3134 -3491
4595 2930
2546 -2337
3769 -1541
3841 -2094
2765 2475
1096 1765
2716 -2334
-660 -247
93 238
-3857 4583
4902 -328
4171 2223
2024 4541
864 1463
1338 1634
-4885 3144
1673 90
-1529 4246
2162 -1659
197 2611
2075 -722
1334 -4749
-3153 -1745
2775 -3116
3694 -722
-3609 -4334
4919 -2950
-3823 -108
836 -3568
-1464 2873
-2906 -3693
-3075 3161
3090 1823
-3704 3809
-815 -2407
-2950 -2508
433 4514
-3471 3911
3695 4591
-1513 2198
3145 1382
-2596 3735
-3553 -1498
-4924 240
137 -4996
1424 -2199
-1843 4393
179 56
1857 3523
