20
20 13
13 20
17 19
11 19
16 13
18 11
11 20
17 14
16 10
18 17
13 17
15 20
10 20
10 18
19 20
19 10
19 13
17 15
13 15
17 17
30
16 29
20 10
25 10
20 14
19 19
13 14
17 29
29 27
12 27
29 12
15 26
27 30
29 15
30 26
15 25
13 24
17 10
26 23
21 27
17 12
13 19
23 12
10 21
23 22
12 23
10 11
24 16
24 14
16 15
24 18
58
-33654 -24763
-26348 -21005
-37246 -26207
-37230 -20041
-20795 -38853
-25306 -27082
-39034 -20920
-37578 -27878
-32801 -22365
-27431 -36346
-33265 -38609
-24496 -28583
-30752 -28117
-29355 -24047
-23246 -37357
-21585 -22338
-23804 -27513
-26005 -34569
-29692 -22705
-27735 -23352
-39044 -39068
-21846 -24734
-23107 -28125
-27856 -29180
-23891 -36293
-33248 -26779
-28070 -25144
-33422 -34363
-28476 -34251
-28140 -39040
-24306 -39914
-36536 -33924
-30401 -29088
-24141 -27400
-24495 -28017
-36158 -37280
-39321 -39825
-21315 -35547
-23731 -34319
-30192 -28103
-33758 -36702
-20747 -37079
-30544 -39644
-22086 -20685
-37571 -35396
-35096 -37517
-24421 -31092
-25630 -38360
-38503 -31385
-32292 -29262
-39746 -27781
-26610 -34506
-26236 -23764
-28579 -37551
-31062 -28810
-35008 -31712
-22359 -32811
-22033 -30447
0
5
9 2
9 7
6 7
10 5
5 8
25
0 2
0 1
2 4
-4 0
4 0
-3 2
1 -4
0 -4
0 0
0 -3
1 -2
-2 0
4 2
-3 0
-1 0
2 0
0 -2
1 3
3 4
-4 2
-2 2
1 -3
-4 -3
3 -2
3 1
50
89 23
-18 92
12 -72
64 -66
84 44
10 -94
1 -89
-81 99
37 70
74 -33
-68 -11
39 61
-90 59
55 -76
-82 0
-81 -75
-47 -76
50 25
72 55
26 -51
-25 -8
79 6
-2 56
66 55
-86 15
92 12
-10 -24
83 -34
96 30
92 -21
53 -97
-67 -94
-13 -55
67 -43
62 94
-48 90
-88 75
52 -64
56 -67
56 60
48 19
98 -80
-71 -57
-11 -25
-18 -86
-22 49
62 11
41 88
-65 -94
79 -52
50
6 -97
73 0
-80 -41
56 64
-35 45
-26 -39
27 27
-90 57
-44 -84
-47 32
35 -93
-30 71
-60 -60
-63 -79
-8 21
-58 -25
-87 22
-21 -71
-26 -33
15 81
62 9
78 38
-26 15
91 -81
-98 -16
-14 2
-34 0
5 20
-69 -40
-8 -43
14 61
-92 -1
33 -18
-20 -68
-30 15
-32 3
52 89
56 87
-91 -98
68 98
66 62
-77 -64
-26 -40
-40 -35
-98 -96
3 88
64 -86
32 -18
97 63
7 83
100
4628 3736
-859 -4000
4812 -3671
2353 -4630
-1550 2177
-889 4577
-1268 3150
-4047 -4138
328 -4348
4569 213
-1188 2402
-437 -1916
2647 1691
-1915 -4396
4059 -1241
-3771 406
-731 2973
-3479 1588
-4327 -1251
-2003 -978
3360 -2213
-4607 -1710
1061 -4845
-3216 -1173
2064 1949
-364 4509
3957 2867
3711 -2095
-2862 -2158
-4513 1666
967 3135
2852 3128
3141 -1282
721 1083
-2566 -4392
-2115 -3069
-2707 -1042
2965 -4119
-2065 88
2619 -2210
-2412 3435
-1690 1299
-711 2422
-1118 -549
-1725 1643
4957 -286
-3592 1415
-2270 -3565
4302 4766
-877 -851
3865 -3784
2474 -4124
-1169 -3655
2921 -3431
-1499 -3941
4481 -1784
415 -289
-3543 -262
952 -3200
-4759 1803
-1043 -2163
-1139 3942
-3569 1134
668 -1064
2021 3794
-4524 2360
-2389 1946
-3882 3376
-4360 2451
948 1366
4987 658
3094 1894
-3821 -3397
420 4564
2532 -4954
1119 4865
2385 3172
3573 1832
-964 3383
751 3459
-786 -2326
-1264 2180
-2057 4367
-3780 3479
-2468 -2426
-3208 1686
1071 4726
-1341 -1637
-3694 -2263
-2895 334
4044 -1088
3406 -3597
-3634 3608
198 4004
3796 -2188
-2633 -274
-2634 302
4403 437
996 -4120
4884 -4944
100
2013 -1746
-3787 442
2751 -1395
3128 -1186
4201 -1391
-3435 -1853
3431 4731
456 1586
122 4004
-2224 -3433
3975 147
3729 -492
3972 2916
-1639 -2693
2519 2849
3062 2585
2346 -1780
-4541 -4346
1711 903
4986 2516
3932 3154
-2905 4870
557 -2190
-2515 -4970
3597 321
-1003 -4026
1146 2196
2907 4300
2466 1919
3210 1787
3114 1243
-2789 -546
-1894 1840
-1779 -3452
1194 -244
-3482 -4267
1406 2825
2815 4877
3701 -691
4471 -4663
-740 4320
-1582 -3621
2313 4359
-3651 -4516
4649 -795
-2886 4677
-4014 4761
-1567 3737
-1765 65
-4904 2164
4367 -3420
3590 3130
-1947 -1839
3760 4265
-1450 -4372
-3441 2132
-3585 753
3170 -515
-475 637
4906 -3007
-4374 4974
-4875 4058
-2821 -4523
4135 -3500
-3399 -1121
-4445 2461
-4806 2340
-2079 1700
-2992 2857
-1532 -2409
-304 295
-3045 -4386
-1991 -2931
-3823 -3099
2000 -3856
2360 480
1233 3062
3035 3270
-1672 -3033
2175 2580
54 240
2400 1911
1802 -3699
1862 -2826
1792 342
-935 -2901
4625 -1653
2330 -1414
-67 -4395
1863 4995
745 -2885
1448 2983
-2028 -1240
3706 1390
1899 -53
-2486 3885
-1018 -4462
-1266 -4384
2354 -2704
-4333 2937
