581 434 113 142 11 241
104 415 280
52 242 284
69 460 189
32 389 298
23 507 165
814 216 321 108 49 -430
18 428 86
15 587 143
20 501 63
2 643 151
36 611 60
938 889 130 191 74 666
65 295 530
40 926 476
9 820 510
2 626 295
190 238 643
166 225 5 13 76 241
49 111 140
48 129 122
10 153 131
11 79 163
28 161 140
259 797 28 223 68 28
29 37 324
125 214 293
79 152 548
68 191 328
23 161 289
248 708 60 285 52 484
105 171 355
171 149 206
170 212 393
66 220 274
13 126 431
130 915 16 184 45 -827
101 115 244
70 118 375
147 119 464
154 123 352
218 51 436
543 776 133 29 0 459
175 256 320
130 261 223
13 188 399
7 521 388
66 264 199
676 934 246 207 27 -654
132 623 408
152 453 284
178 650 255
205 257 447
148 490 392
940 981 364 432 22 0
18 425 638
234 710 389
10 740 435
93 636 684
82 426 670
