519 481 244 240 76 67
35 345 180
119 495 199
73 329 341
28 278 194
61 315 188
472 916 118 106 86 -346
4 433 307
215 150 260
214 224 595
168 153 358
184 318 595
896 497 277 202 91 685
114 688 316
74 866 296
7 612 220
38 815 318
30 605 200
255 128 89 23 62 940
9 211 62
3 246 89
18 171 90
19 151 79
29 101 46
599 861 126 37 77 -774
162 243 295
201 416 540
191 542 545
180 595 580
35 592 230
393 250 195 90 27 -713
17 383 182
41 269 175
14 356 137
46 235 148
46 289 110
500 983 229 202 21 0
148 438 384
88 442 358
143 241 415
170 301 297
8 408 483
560 120 230 5 10 193
1 395 60
29 326 62
14 338 65
18 456 65
6 308 74
280 440 54 31 43 -194
12 238 310
34 96 192
29 145 304
50 267 187
104 188 306
989 124 59 14 0 725
21 360 48
26 319 66
31 978 55
27 863 85
3 377 38
