1.00000 001 -2.00000 001 8.00000 000 5
6.00000 000 -1.30718 001
7.33333 000 -1.53812 001
1.00000 001 -2.00000 001
1.13333 001 -1.30718 001
8.66667 000 -1.30718 001
5.50000 002 -4.00000 001 6.66667 001 5
5.38889 002 1.77350 001
5.72222 002 -1.50998 000
5.27778 002 -1.50998 000
5.38889 002 -2.07550 001
5.83333 002 1.77350 001
1.0 +002 1.0 +002 3.0 +001 2
1.1 +002 1.2 +002
8.5 +001 1.3 +002
9.5 +001 1.3 +002
1.1 +002 1.3 +002
1.2 +002 1.3 +002
8.888800049 002 -4.443999939 002 1.000000000 002 9
9.055466919 002 -4.155324707 002
8.722133179 002 -3.577974548 002
8.888800049 002 -3.866649780 002
9.388800049 002 -3.577974548 002
9.222133179 002 -3.866649780 002
1.0000 000 -5.0000 -001 2.0000 000 4
6.6667 -001 7.7350 -002
1.3333 000 7.7350 -002
3.3333 -001 6.5470 -001
1.0000 000 6.5470 -001
1.6667 000 6.5470 -001
1.6599999508 -003 1.0000000475 -003 9.9999997474 -006 10
1.6583332326 -003 1.0028867982 -003
1.6616666690 -003 1.0028867982 -003
1.6566666309 -003 1.0057735490 -003
1.6599999508 -003 1.0057735490 -003
1.6633332707 -003 1.0057735490 -003
1.000000 001 -1.250000 001 1.000000 -002 6
1.000000 001 -1.250000 001
1.000500 001 -1.249134 001
1.000167 001 -1.249134 001
1.000000 001 -1.249423 001
1.000333 001 -1.249423 001
-3.00000000 001 -1.00000000 001 1.80000000 001 8
-3.60000000 001 3.92304420 -001
-3.30000000 001 -4.80384779 000
-3.60000000 001 3.92304420 -001
-3.30000000 001 5.58845711 000
-2.40000000 001 3.92304420 -001
4.3000000 002 -9.0000000 002 6.1000001 -002 7
4.3002029 002 -8.9996478 002
4.3000000 002 -8.9996478 002
4.2997971 002 -8.9996478 002
4.3003049 002 -8.9994714 002
4.3001016 002 -8.9994714 002
6.00000 000 -6.00000 000 8.66000 000 5
6.00000 000 -6.00000 000
3.11333 000 -1.00015 000
6.00000 000 -1.00015 000
8.88667 000 -1.00015 000
1.67000 000 1.49978 000