0.00000 000 0.00000 000 1.00000 001 5
-1.66667 000 2.88675 000
1.66667 000 2.88675 000
-3.33333 000 5.77350 000
0.00000 000 5.77350 000
3.33333 000 5.77350 000
1.6599999508 -003 1.0000000475 -003 9.9999997474 -006 10
1.6599999508 -003 1.0000000475 -003
1.6649999889 -003 1.0086602997 -003
1.6616665525 -003 1.0086602997 -003
1.6599999508 -003 1.0057735490 -003
1.6633332707 -003 1.0057735490 -003
-1.0000 001 -2.5000 000 1.0000 -002 4
-1.0003 001 -2.4942 000
-1.0002 001 -2.4971 000
-1.0003 001 -2.4942 000
-1.0002 001 -2.4913 000
-9.9967 000 -2.4942 000
9.992000122 002 0.000000000 000 1.000000000 002 9
1.032533325 003 5.773502731 001
9.992000122 002 5.773502731 001
9.658666992 002 5.773502731 001
1.049199951 003 8.660253906 001
1.015866638 003 8.660253906 001
1.0000 000 -5.0000 -001 2.0000 000 4
1.0000 000 -5.0000 -001
3.3333 -001 6.5470 -001
1.0000 000 6.5470 -001
1.6667 000 6.5470 -001
0.0000 000 1.2321 000
5.50000 002 -4.00000 001 6.66667 001 5
5.16667 002 1.77350 001
5.27778 002 -1.50998 000
5.50000 002 -4.00000 001
5.61111 002 1.77350 001
5.38889 002 1.77350 001
0.000 000 0.000 000 1.000 000 3
-1.667 -001 8.660 -001
3.333 -001 5.774 -001
-3.333 -001 5.774 -001
-1.667 -001 2.887 -001
5.000 -001 8.660 -001
0.00000000 000 0.00000000 000 1.00000000 000 8
1.66666687 -001 8.66025388 -001
1.66666701 -001 2.88675129 -001
0.00000000 000 5.77350259 -001
-5.00000000 -001 8.66025388 -001
0.00000000 000 0.00000000 000
4.3000000 002 -9.0000000 002 1.0000000 000 7
4.3016666 002 -8.9971130 002
4.2983334 002 -8.9913397 002
4.3000000 002 -8.9942267 002
4.3050000 002 -8.9913397 002
4.3033334 002 -8.9942267 002
6.00000 000 -6.00000 000 8.66000 000 5
4.55667 000 -3.50007 000
7.44333 000 -3.50007 000
3.11333 000 -1.00015 000
6.00000 000 -1.00015 000
8.88667 000 -1.00015 000