1 1 1
1
3 2 7
5 3
7 3 30
12 4 6
25 7 491
394 5 342 203 14 141 202
49 13 544
334 500 533 189 1 170 435 166 408 33 519 317 507
23 22 601
1 196 146 108 576 17 370 448 207 139 228 476 329 384 532 17 455 507 276 534 243 453
84 16 123
109 46 6 64 50 90 6 96 5 79 85 35 119 122 37 101
79 49 705
118 609 293 238 660 272 466 437 642 364 232 449 647 41 370 2 37 445 584 141 119 489 448 700 634 641 698 264 445 681 219 562 584 443 95 471 9 560 202 650 151 366 394 92 406 695 94 442 435
22 84 313
112 142 193 265 269 144 163 33 162 282 225 120 206 111 258 169 308 259 168 88 310 108 241 55 304 213 264 51 108 89 265 181 192 107 94 147 212 218 179 60 148 53 179 3 163 85 171 119 31 25 168 302 95 58 43 85 270 269 135 26 6 48 168 197 116 262 306 14 128 133 74 276 185 214 278 310 261 135 115 291 121 283 241 215
93 62 560
188 96 304 40 415 160 500 138 265 264 545 499 231 137 306 488 197 545 532 230 366 175 292 516 213 499 129 268 263 442 539 322 537 283 361 263 442 173 400 146 436 257 516 538 393 261 337 461 246 308 3 51 482 294 439 7 104 439 146 366 320 124
