1 1 1
1
3 5 1
1 1 1 1 1
8 5 80
76 53 43 75 31
9 24 296
66 124 184 166 262 197 258 294 27 243 192 240 45 82 284 281 256 34 295 174 121 253 265 21
11 45 447
425 162 175 341 27 59 393 161 366 412 82 107 85 42 337 27 167 350 59 447 1 209 335 177 212 42 181 280 317 434 376 294 148 104 197 184 172 143 345 100 117 436 206 201 40
65 63 196
187 49 49 68 28 64 22 39 7 28 47 22 72 48 119 89 125 81 90 141 68 91 52 184 177 49 52 96 189 178 107 135 30 111 6 13 130 27 51 92 10 97 113 37 101 35 126 181 71 19 125 139 109 177 126 45 181 133 96 129 114 158 68
79 4 329
265 327 306 183
8 21 306
230 174 238 4 33 103 157 25 237 169 161 67 160 263 13 233 27 114 144 286 253
53 2 155
130 11
78 84 706
667 678 659 278 503 403 534 587 211 614 118 305 680 652 496 152 43 572 248 648 406 338 672 602 525 428 702 614 416 290 639 700 261 210 271 381 612 98 262 116 329 379 38 302 648 533 71 308 17 319 249 40 274 214 641 92 642 636 705 675 543 256 668 421 465 556 96 694 653 681 427 275 677 464 576 618 290 646 220 630 258 86 669 531
